Sensor Name: ttx_224
Initial Resistance: 90 ohms
Start Time: 2024-11-01 23:48:23
Time (s), Voltage (V)
-1730482187.62, 1.88
-1730482187.53, 1.88
-1730482187.43, 1.89
-1730482187.33, 1.88
-1730482187.23, 1.88
-1730482187.12, 1.88
-1730482187.02, 1.87
-1730482186.92, 1.87
-1730482186.82, 1.87
-1730482186.72, 1.87
-1730482186.61, 1.87
-1730482186.52, 1.87
-1730482186.39, 1.87
-1730482186.31, 1.88
-1730482186.20, 1.88
-1730482186.11, 1.88
-1730482186.00, 1.88
-1730482185.90, 1.88
-1730482185.80, 1.88
-1730482185.69, 1.88
-1730482185.60, 1.87
-1730482185.50, 1.87
-1730482185.40, 1.87
-1730482185.30, 1.87
-1730482185.20, 1.87
-1730482185.09, 1.87
-1730482184.99, 1.87
-1730482184.89, 1.87
-1730482184.79, 1.88
-1730482184.69, 1.87
-1730482184.59, 1.87
-1730482184.48, 1.88
-1730482184.38, 1.87
-1730482184.28, 1.87
-1730482184.18, 1.88
-1730482184.08, 1.87
-1730482183.98, 1.86
-1730482183.88, 1.87
-1730482183.78, 1.86
-1730482183.67, 1.86
-1730482183.58, 1.86
-1730482183.48, 1.86
-1730482183.37, 1.86
-1730482183.27, 1.86
-1730482183.17, 1.86
-1730482183.07, 1.86
-1730482182.97, 1.86
-1730482182.86, 1.86
-1730482182.77, 1.86
-1730482182.66, 1.86
-1730482182.55, 1.86
-1730482182.46, 1.86
-1730482182.36, 1.85
-1730482182.26, 1.86
-1730482182.16, 1.85
-1730482182.05, 1.85
-1730482181.95, 1.86
-1730482181.85, 1.85
-1730482181.75, 1.85
-1730482181.65, 1.86
-1730482181.54, 1.86
-1730482181.45, 1.86
-1730482181.34, 1.87
-1730482181.24, 1.85
-1730482181.14, 1.86
-1730482181.04, 1.86
-1730482180.93, 1.85
-1730482180.83, 1.85
-1730482180.73, 1.85
-1730482180.64, 1.84
-1730482180.53, 1.85
-1730482180.43, 1.84
-1730482180.29, 1.85
-1730482180.23, 1.85
-1730482180.13, 1.85
-1730482180.03, 1.85
-1730482179.92, 1.86
-1730482179.83, 1.86
-1730482179.72, 1.86
-1730482179.61, 1.86
-1730482179.52, 1.85
-1730482179.41, 1.85
-1730482179.32, 1.85
-1730482179.21, 1.84
-1730482179.11, 1.84
-1730482179.02, 1.84
-1730482178.91, 1.84
-1730482178.80, 1.85
-1730482178.71, 1.84
-1730482178.60, 1.84
-1730482178.50, 1.85
-1730482178.41, 1.84
-1730482178.30, 1.91
-1730482178.20, 2.03
-1730482178.10, 2.11
-1730482178.00, 2.15
-1730482177.90, 2.17
-1730482177.80, 2.17
-1730482177.70, 2.17
-1730482177.59, 2.18
-1730482177.49, 2.17
-1730482177.39, 2.18
-1730482177.28, 2.18
-1730482177.19, 2.18
-1730482177.08, 2.18
-1730482176.99, 2.18
-1730482176.89, 2.19
-1730482176.78, 2.19
-1730482176.69, 2.19
-1730482176.58, 2.19
-1730482176.48, 2.18
-1730482176.38, 2.18
-1730482176.27, 2.17
-1730482176.18, 2.17
-1730482176.08, 2.17
-1730482175.97, 2.17
-1730482175.87, 2.17
-1730482175.77, 2.17
-1730482175.67, 2.17
-1730482175.57, 2.17
-1730482175.46, 2.17
-1730482175.37, 2.18
-1730482175.27, 2.18
-1730482175.16, 2.17
-1730482175.06, 2.18
-1730482174.96, 2.17
-1730482174.86, 2.17
-1730482174.76, 2.17
-1730482174.65, 2.17
-1730482174.56, 2.16
-1730482174.45, 2.16
-1730482174.35, 2.16
-1730482174.25, 2.15
-1730482174.15, 2.16
-1730482174.05, 2.15
-1730482173.94, 2.16
-1730482173.84, 2.16
-1730482173.75, 2.17
-1730482173.64, 2.16
-1730482173.54, 2.17
-1730482173.44, 2.16
-1730482173.34, 2.16
-1730482173.24, 2.16
-1730482173.14, 2.15
-1730482173.04, 2.15
-1730482172.93, 2.15
-1730482172.83, 2.15
-1730482172.73, 2.15
-1730482172.63, 2.15
-1730482172.52, 2.15
-1730482172.43, 2.15
-1730482172.33, 2.15
-1730482172.23, 2.16
-1730482172.12, 2.16
-1730482172.02, 2.15
-1730482171.92, 2.16
-1730482171.82, 2.15
-1730482171.72, 2.15
-1730482171.61, 2.15
-1730482171.52, 2.15
-1730482171.41, 2.14
-1730482171.31, 2.15
-1730482171.21, 2.14
-1730482171.11, 2.14
-1730482171.01, 2.15
-1730482170.90, 2.14
-1730482170.81, 2.15
-1730482170.70, 2.15
-1730482170.60, 2.16
-1730482170.50, 2.15
-1730482170.40, 2.16
-1730482170.29, 2.15
-1730482170.20, 2.15
-1730482170.09, 2.15
-1730482169.99, 2.14
-1730482169.89, 2.14
-1730482169.78, 2.14
-1730482169.69, 2.14
-1730482169.59, 2.14
-1730482169.49, 2.14
-1730482169.39, 2.14
-1730482169.28, 2.14
-1730482169.19, 2.15
-1730482169.06, 2.15
-1730482168.98, 2.15
-1730482168.88, 2.16
-1730482168.78, 2.15
-1730482168.67, 2.14
-1730482168.57, 2.14
-1730482168.47, 2.14
-1730482168.37, 2.13
-1730482168.27, 2.14
-1730482168.17, 2.14
-1730482168.07, 2.13
-1730482167.96, 2.14
-1730482167.87, 2.14
-1730482167.76, 2.15
-1730482167.66, 2.13
-1730482167.56, 2.15
-1730482167.46, 2.14
-1730482167.36, 2.15
-1730482167.26, 2.15
-1730482167.16, 2.15
-1730482167.05, 2.14
-1730482166.95, 2.14
-1730482166.85, 2.14
-1730482166.75, 2.14
-1730482166.65, 2.14
-1730482166.55, 2.14
-1730482166.44, 2.14
-1730482166.34, 2.14
-1730482166.24, 2.14
-1730482166.14, 2.15
-1730482166.04, 2.14
-1730482165.94, 2.15
-1730482165.84, 2.15
-1730482165.74, 2.14
-1730482165.63, 2.15
-1730482165.53, 2.15
-1730482165.44, 2.14
-1730482165.33, 2.13
-1730482165.23, 2.14
-1730482165.12, 2.14
-1730482165.02, 2.13
-1730482164.92, 2.14
-1730482164.82, 2.13
-1730482164.72, 2.14
-1730482164.62, 2.14
-1730482164.52, 2.15
-1730482164.42, 2.14
-1730482164.31, 2.15
-1730482164.22, 2.15
-1730482164.11, 2.15
-1730482164.01, 2.15
-1730482163.91, 2.15
-1730482163.81, 2.14
-1730482163.71, 2.14
-1730482163.61, 2.14
-1730482163.51, 2.14
-1730482163.40, 2.14
-1730482163.31, 2.14
-1730482163.20, 2.14
-1730482163.10, 2.14
-1730482163.00, 2.14
-1730482162.90, 2.14
-1730482162.80, 2.15
-1730482162.70, 2.15
-1730482162.60, 2.15
-1730482162.49, 2.15
-1730482162.39, 2.15
-1730482162.29, 2.14
-1730482162.19, 2.14
-1730482162.09, 2.14
-1730482161.99, 2.14
-1730482161.89, 2.14
-1730482161.79, 2.14
-1730482161.68, 2.14
-1730482161.58, 2.15
-1730482161.45, 2.14
-1730482161.38, 2.15
-1730482161.28, 2.14
-1730482161.18, 2.15
-1730482161.07, 2.15
-1730482160.97, 2.15
-1730482160.87, 2.14
-1730482160.77, 2.15
-1730482160.67, 2.14
-1730482160.57, 2.14
-1730482160.47, 2.14
-1730482160.37, 2.14
-1730482160.27, 2.14
-1730482160.16, 2.14
-1730482160.06, 2.14
-1730482159.96, 2.15
-1730482159.86, 2.14
-1730482159.76, 2.15
-1730482159.66, 2.16
-1730482159.56, 2.15
-1730482159.45, 2.15
-1730482159.35, 2.15
-1730482159.25, 2.15
-1730482159.15, 2.14
-1730482159.04, 2.15
-1730482158.95, 2.14
-1730482158.84, 2.14
-1730482158.74, 2.15
-1730482158.64, 2.14
-1730482158.54, 2.15
-1730482158.44, 2.15
-1730482158.34, 2.14
-1730482158.24, 2.16
-1730482158.13, 2.15
-1730482158.03, 2.15
-1730482157.93, 2.15
-1730482157.83, 2.15
-1730482157.73, 2.15
-1730482157.63, 2.15
-1730482157.53, 2.14
-1730482157.42, 2.14
-1730482157.33, 2.15
-1730482157.22, 2.14
-1730482157.12, 2.15
-1730482157.02, 2.14
-1730482156.92, 2.14
-1730482156.82, 2.15
-1730482156.71, 2.15
-1730482156.61, 2.16
-1730482156.51, 2.16
-1730482156.41, 2.15
-1730482156.31, 2.15
-1730482156.21, 2.16
-1730482156.11, 2.15
-1730482156.00, 2.15
-1730482155.91, 2.14
-1730482155.81, 2.15
-1730482155.71, 2.14
-1730482155.61, 2.15
-1730482155.50, 2.14
-1730482155.40, 2.15
-1730482155.30, 2.15
-1730482155.20, 2.15
-1730482155.10, 2.15
-1730482154.99, 2.15
-1730482154.89, 2.15
-1730482154.79, 2.15
-1730482154.69, 2.16
-1730482154.59, 2.15
-1730482154.49, 2.15
-1730482154.39, 2.15
-1730482154.29, 2.15
-1730482154.19, 2.15
-1730482154.08, 2.15
-1730482153.98, 2.14
-1730482153.88, 2.15
-1730482153.77, 2.15
-1730482153.68, 2.15
-1730482153.57, 2.15
-1730482153.47, 2.16
-1730482153.37, 2.16
-1730482153.27, 2.15
-1730482153.17, 2.16
-1730482153.07, 2.16
-1730482152.96, 2.15
-1730482152.86, 2.14
-1730482152.76, 2.15
-1730482152.66, 2.15
-1730482152.56, 2.14
-1730482152.46, 2.15
-1730482152.36, 2.15
-1730482152.26, 2.14
-1730482152.16, 2.16
-1730482152.05, 2.15
-1730482151.96, 2.15
-1730482151.85, 2.15
-1730482151.75, 2.15
-1730482151.65, 2.16
-1730482151.54, 2.15
-1730482151.44, 2.16
-1730482151.34, 2.15
-1730482151.24, 2.15
-1730482151.14, 2.15
-1730482151.04, 2.15
-1730482150.94, 2.15
-1730482150.84, 2.15
-1730482150.73, 2.16
-1730482150.63, 2.15
-1730482150.54, 2.15
-1730482150.43, 2.16
-1730482150.33, 2.16
-1730482150.23, 2.16
-1730482150.13, 2.17
-1730482150.03, 2.16
-1730482149.93, 2.15
-1730482149.82, 2.15
-1730482149.72, 2.15
-1730482149.62, 2.15
-1730482149.52, 2.15
-1730482149.41, 2.15
-1730482149.32, 2.15
-1730482149.22, 2.15
-1730482149.11, 2.16
-1730482149.01, 2.15
-1730482148.91, 2.16
-1730482148.81, 2.16
-1730482148.71, 2.16
-1730482148.61, 2.16
-1730482148.51, 2.16
-1730482148.40, 2.16
-1730482148.30, 2.16
-1730482148.20, 2.15
-1730482148.10, 2.15
-1730482148.00, 2.15
-1730482147.90, 2.15
-1730482147.80, 2.15
-1730482147.70, 2.16
-1730482147.60, 2.15
-1730482147.49, 2.15
-1730482147.39, 2.16
-1730482147.29, 2.16
-1730482147.19, 2.16
-1730482147.09, 2.16
-1730482146.99, 2.16
-1730482146.89, 2.16
-1730482146.78, 2.15
-1730482146.68, 2.16
-1730482146.59, 2.15
-1730482146.48, 2.15
-1730482146.38, 2.15
-1730482146.28, 2.16
-1730482146.18, 2.16
-1730482146.08, 2.15
-1730482145.97, 2.16
-1730482145.87, 2.16
-1730482145.77, 2.16
-1730482145.67, 2.16
-1730482145.57, 2.16
-1730482145.46, 2.17
-1730482145.37, 2.16
-1730482145.27, 2.16
-1730482145.16, 2.15
-1730482145.06, 2.16
-1730482144.96, 2.15
-1730482144.86, 2.15
-1730482144.75, 2.16
-1730482144.65, 2.16
-1730482144.55, 2.16
-1730482144.45, 2.16
-1730482144.35, 2.16
-1730482144.25, 2.16
-1730482144.15, 2.17
-1730482144.05, 2.16
-1730482143.93, 2.16
-1730482143.85, 2.17
-1730482143.74, 2.16
-1730482143.64, 2.15
-1730482143.54, 2.16
-1730482143.44, 2.16
-1730482143.34, 2.15
-1730482143.24, 2.16
-1730482143.14, 2.16
-1730482143.04, 2.15
-1730482142.75, 2.16
-1730482142.74, 2.16
