Sensor Name: ttx104
Initial Resistance: 80 ohms
Start Time: 2024-11-02 00:45:51
Time (s), Voltage (V)
-1730482187.62, 0.24
-1730482187.52, 0.24
-1730482187.42, 0.24
-1730482187.31, 0.25
-1730482187.22, 0.25
-1730482187.11, 0.26
-1730482187.02, 0.26
-1730482186.91, 0.26
-1730482186.81, 0.25
-1730482186.71, 0.24
-1730482186.62, 0.24
-1730482186.51, 0.24
-1730482186.41, 0.24
-1730482186.30, 0.23
-1730482186.20, 0.24
-1730482186.10, 0.24
-1730482186.00, 0.24
-1730482185.90, 0.24
-1730482185.81, 0.25
-1730482185.70, 0.26
-1730482185.60, 0.25
-1730482185.50, 0.25
-1730482185.40, 0.25
-1730482185.30, 0.24
-1730482185.20, 0.24
-1730482185.09, 0.24
-1730482184.99, 0.24
-1730482184.89, 0.23
-1730482184.79, 0.23
-1730482184.69, 0.24
-1730482184.58, 0.24
-1730482184.48, 0.24
-1730482184.38, 0.25
-1730482184.28, 0.26
-1730482184.18, 0.26
-1730482184.08, 0.26
-1730482183.98, 0.25
-1730482183.88, 0.25
-1730482183.78, 0.24
-1730482183.67, 0.24
-1730482183.58, 0.23
-1730482183.47, 0.24
-1730482183.37, 0.23
-1730482183.27, 0.23
-1730482183.17, 0.24
-1730482183.07, 0.24
-1730482182.97, 0.25
-1730482182.87, 0.26
-1730482182.76, 0.26
-1730482182.66, 0.26
-1730482182.56, 0.25
-1730482182.46, 0.25
-1730482182.36, 0.24
-1730482182.26, 0.23
-1730482182.16, 0.23
-1730482182.05, 0.23
-1730482181.96, 0.24
-1730482181.85, 0.23
-1730482181.76, 0.24
-1730482181.65, 0.24
-1730482181.55, 0.25
-1730482181.45, 0.25
-1730482181.35, 0.26
-1730482181.24, 0.26
-1730482181.15, 0.35
-1730482181.04, 0.48
-1730482180.94, 0.60
-1730482180.84, 0.69
-1730482180.74, 0.74
-1730482180.64, 0.77
-1730482180.54, 0.80
-1730482180.44, 0.82
-1730482180.34, 0.83
-1730482180.23, 0.84
-1730482180.13, 0.86
-1730482180.03, 0.87
-1730482179.92, 0.87
-1730482179.83, 0.88
-1730482179.73, 0.87
-1730482179.62, 0.87
-1730482179.53, 0.87
-1730482179.42, 0.86
-1730482179.32, 0.87
-1730482179.22, 0.87
-1730482179.11, 0.87
-1730482179.01, 0.87
-1730482178.92, 0.88
-1730482178.81, 0.89
-1730482178.72, 0.89
-1730482178.61, 0.90
-1730482178.51, 0.91
-1730482178.41, 0.90
-1730482178.31, 0.90
-1730482178.20, 0.89
-1730482178.10, 0.89
-1730482178.00, 0.89
-1730482177.90, 0.89
-1730482177.81, 0.89
-1730482177.70, 0.89
-1730482177.60, 0.90
-1730482177.49, 0.90
-1730482177.39, 0.91
-1730482177.30, 0.92
-1730482177.19, 0.92
-1730482177.09, 0.92
-1730482176.99, 0.92
-1730482176.88, 0.92
-1730482176.79, 0.91
-1730482176.68, 0.91
-1730482176.59, 0.91
-1730482176.48, 0.91
-1730482176.38, 0.91
-1730482176.28, 0.91
-1730482176.18, 0.92
-1730482176.08, 0.92
-1730482175.98, 0.93
-1730482175.88, 0.93
-1730482175.77, 0.93
-1730482175.67, 0.93
-1730482175.57, 0.93
-1730482175.47, 0.93
-1730482175.37, 0.93
-1730482175.26, 0.92
-1730482175.17, 0.92
-1730482175.06, 0.93
-1730482174.96, 0.92
-1730482174.86, 0.92
-1730482174.76, 0.93
-1730482174.66, 0.93
-1730482174.56, 0.94
-1730482174.46, 0.94
-1730482174.36, 0.94
-1730482174.26, 0.95
-1730482174.15, 0.94
-1730482174.05, 0.93
-1730482173.95, 0.93
-1730482173.85, 0.93
-1730482173.75, 0.93
-1730482173.64, 0.92
-1730482173.54, 0.93
-1730482173.45, 0.93
-1730482173.34, 0.94
-1730482173.24, 0.94
-1730482173.14, 0.94
-1730482173.04, 0.95
-1730482172.94, 0.95
-1730482172.83, 0.95
-1730482172.73, 0.94
-1730482172.63, 0.94
-1730482172.53, 0.93
-1730482172.43, 0.93
-1730482172.33, 0.94
-1730482172.23, 0.94
-1730482172.13, 0.94
-1730482172.02, 0.94
-1730482171.92, 0.94
-1730482171.82, 0.95
-1730482171.72, 0.95
-1730482171.62, 0.96
-1730482171.52, 0.96
-1730482171.41, 0.95
-1730482171.31, 0.95
-1730482171.22, 0.94
-1730482171.11, 0.94
-1730482171.01, 0.94
-1730482170.91, 0.93
-1730482170.81, 0.93
-1730482170.71, 0.94
-1730482170.61, 0.94
-1730482170.50, 0.95
-1730482170.40, 0.95
-1730482170.29, 0.95
-1730482170.20, 0.96
-1730482170.10, 0.96
-1730482170.00, 0.95
-1730482169.90, 0.95
-1730482169.80, 0.94
-1730482169.69, 0.94
-1730482169.59, 0.94
-1730482169.49, 0.94
-1730482169.38, 0.94
-1730482169.29, 0.94
-1730482169.19, 0.95
-1730482169.09, 0.95
-1730482168.99, 0.95
-1730482168.88, 0.96
-1730482168.79, 0.96
-1730482168.68, 0.96
-1730482168.58, 0.96
-1730482168.48, 0.95
-1730482168.38, 0.94
-1730482168.27, 0.94
-1730482168.17, 0.94
-1730482168.07, 0.94
-1730482167.97, 0.94
-1730482167.87, 0.94
-1730482167.77, 0.94
-1730482167.67, 0.95
-1730482167.57, 0.96
-1730482167.46, 0.96
-1730482167.36, 0.96
-1730482167.26, 0.96
-1730482167.16, 0.95
-1730482167.06, 0.95
-1730482166.96, 0.94
-1730482166.85, 0.94
-1730482166.76, 0.94
-1730482166.66, 0.94
-1730482166.55, 0.94
-1730482166.45, 0.94
-1730482166.35, 0.95
-1730482166.25, 0.95
-1730482166.15, 0.96
-1730482166.04, 0.96
-1730482165.95, 0.96
-1730482165.84, 0.95
-1730482165.74, 0.95
-1730482165.64, 0.95
-1730482165.54, 0.94
-1730482165.44, 0.94
-1730482165.34, 0.94
-1730482165.23, 0.94
-1730482165.13, 0.94
-1730482165.03, 0.95
-1730482164.93, 0.95
-1730482164.83, 0.96
-1730482164.73, 0.96
-1730482164.62, 0.96
-1730482164.52, 0.96
-1730482164.43, 0.95
-1730482164.33, 0.94
-1730482164.22, 0.94
-1730482164.12, 0.94
-1730482164.02, 0.94
-1730482163.92, 0.94
-1730482163.81, 0.94
-1730482163.72, 0.94
-1730482163.61, 0.95
-1730482163.51, 0.95
-1730482163.41, 0.96
-1730482163.30, 0.96
-1730482163.21, 0.96
-1730482163.11, 0.96
-1730482163.00, 0.95
-1730482162.90, 0.94
-1730482162.80, 0.94
-1730482162.70, 0.94
-1730482162.60, 0.94
-1730482162.50, 0.95
-1730482162.39, 0.95
-1730482162.29, 0.95
-1730482162.19, 0.95
-1730482162.09, 0.96
-1730482161.99, 0.96
-1730482161.89, 0.96
-1730482161.79, 0.96
-1730482161.69, 0.95
-1730482161.59, 0.95
-1730482161.49, 0.94
-1730482161.39, 0.94
-1730482161.29, 0.94
-1730482161.18, 0.94
-1730482161.08, 0.94
-1730482160.97, 0.94
-1730482160.88, 0.95
-1730482160.78, 0.95
-1730482160.68, 0.96
-1730482160.57, 0.96
-1730482160.47, 0.96
-1730482160.37, 0.96
-1730482160.27, 0.95
-1730482160.17, 0.95
-1730482160.07, 0.94
-1730482159.96, 0.94
-1730482159.86, 0.94
-1730482159.76, 0.94
-1730482159.66, 0.94
-1730482159.56, 0.95
-1730482159.46, 0.95
-1730482159.35, 0.95
-1730482159.25, 0.96
-1730482159.15, 0.96
-1730482159.05, 0.96
-1730482158.95, 0.95
-1730482158.85, 0.95
-1730482158.74, 0.95
-1730482158.65, 0.94
-1730482158.55, 0.94
-1730482158.44, 0.94
-1730482158.35, 0.94
-1730482158.24, 0.94
-1730482158.14, 0.94
-1730482158.04, 0.95
-1730482157.94, 0.95
-1730482157.84, 0.95
-1730482157.73, 0.96
-1730482157.63, 0.96
-1730482157.54, 0.95
-1730482157.43, 0.95
-1730482157.32, 0.94
-1730482157.23, 0.94
-1730482157.13, 0.94
-1730482157.02, 0.94
-1730482156.92, 0.94
-1730482156.83, 0.94
-1730482156.73, 0.94
-1730482156.62, 0.95
-1730482156.52, 0.95
-1730482156.42, 0.95
-1730482156.32, 0.95
-1730482156.21, 0.95
-1730482156.11, 0.95
-1730482156.02, 0.94
-1730482155.91, 0.94
-1730482155.81, 0.94
-1730482155.71, 0.94
-1730482155.61, 0.93
-1730482155.51, 0.94
-1730482155.41, 0.94
-1730482155.30, 0.94
-1730482155.20, 0.94
-1730482155.10, 0.95
-1730482154.99, 0.95
-1730482154.89, 0.95
-1730482154.80, 0.95
-1730482154.69, 0.94
-1730482154.59, 0.94
-1730482154.49, 0.93
-1730482154.38, 0.94
-1730482154.28, 0.93
-1730482154.19, 0.94
-1730482154.09, 0.93
-1730482153.98, 0.94
-1730482153.88, 0.94
-1730482153.79, 0.94
-1730482153.68, 0.95
-1730482153.58, 0.95
-1730482153.47, 0.95
-1730482153.38, 0.95
-1730482153.28, 0.94
-1730482153.17, 0.94
-1730482153.07, 0.93
-1730482152.97, 0.93
-1730482152.87, 0.93
-1730482152.77, 0.94
-1730482152.67, 0.94
-1730482152.57, 0.93
-1730482152.46, 0.94
-1730482152.37, 0.94
-1730482152.26, 0.95
-1730482152.16, 0.95
-1730482152.06, 0.94
-1730482151.96, 0.94
-1730482151.86, 0.94
-1730482151.75, 0.93
-1730482151.65, 0.93
-1730482151.56, 0.93
-1730482151.45, 0.93
-1730482151.35, 0.93
-1730482151.25, 0.93
-1730482151.14, 0.93
-1730482151.05, 0.94
-1730482150.95, 0.94
-1730482150.84, 0.95
-1730482150.74, 0.95
-1730482150.64, 0.95
-1730482150.47, 0.94
-1730482150.39, 0.93
-1730482150.34, 0.93
-1730482150.24, 0.93
-1730482150.14, 0.93
-1730482150.03, 0.93
-1730482149.93, 0.93
-1730482149.83, 0.93
-1730482149.73, 0.93
-1730482149.63, 0.94
-1730482149.52, 0.94
-1730482149.42, 0.95
-1730482149.32, 0.94
-1730482149.22, 0.94
-1730482149.12, 0.94
-1730482149.02, 0.94
-1730482148.92, 0.93
-1730482148.81, 0.92
-1730482148.72, 0.93
-1730482148.61, 0.93
-1730482148.51, 0.92
-1730482148.41, 0.93
-1730482148.31, 0.93
-1730482148.21, 0.94
-1730482148.10, 0.95
-1730482148.01, 0.94
-1730482147.91, 0.94
-1730482147.80, 0.94
-1730482147.70, 0.94
-1730482147.60, 0.93
-1730482147.50, 0.93
-1730482147.40, 0.92
-1730482147.30, 0.92
-1730482147.19, 0.93
-1730482147.10, 0.93
-1730482146.99, 0.93
-1730482146.89, 0.93
-1730482146.79, 0.93
-1730482146.69, 0.95
-1730482146.58, 0.94
-1730482146.49, 0.94
-1730482146.39, 0.94
-1730482146.28, 0.94
-1730482146.18, 0.93
-1730482146.08, 0.92
-1730482145.98, 0.92
-1730482145.88, 0.92
-1730482145.78, 0.93
-1730482145.68, 0.92
-1730482145.58, 0.92
-1730482145.47, 0.93
-1730482145.37, 0.94
-1730482145.27, 0.94
-1730482145.17, 0.94
-1730482145.07, 0.94
-1730482144.97, 0.93
-1730482144.87, 0.93
-1730482144.77, 0.92
-1730482144.66, 0.92
-1730482144.56, 0.92
-1730482144.46, 0.92
-1730482144.36, 0.92
-1730482144.26, 0.93
-1730482144.16, 0.93
-1730482144.05, 0.93
-1730482143.95, 0.94
-1730482143.85, 0.94
-1730482143.75, 0.94
-1730482143.65, 0.94
-1730482143.55, 0.94
-1730482143.44, 0.93
-1730482143.35, 0.92
-1730482143.24, 0.92
-1730482143.14, 0.92
-1730482143.04, 0.92
-1730482142.94, 0.92
-1730482142.84, 0.92
-1730482142.74, 0.93
-1730482142.64, 0.93
-1730482142.53, 0.94
-1730482142.44, 0.93
-1730482142.33, 0.93
-1730482142.23, 0.93
-1730482142.13, 0.93
-1730482142.03, 0.93
-1730482141.92, 0.92
-1730482141.83, 0.91
-1730482141.73, 0.92
-1730482141.62, 0.92
-1730482141.52, 0.92
-1730482141.42, 0.92
-1730482141.32, 0.92
-1730482141.21, 0.93
-1730482141.11, 0.94
-1730482141.01, 0.94
-1730482140.92, 0.93
-1730482140.81, 0.93
-1730482140.68, 0.93
-1730482140.61, 0.93
-1730482140.51, 0.91
-1730482140.41, 0.92
-1730482140.30, 0.92
-1730482140.20, 0.92
-1730482140.10, 0.92
-1730482140.00, 0.92
-1730482139.90, 0.92
-1730482139.79, 0.93
-1730482139.70, 0.93
-1730482139.59, 0.93
-1730482139.49, 0.94
-1730482139.39, 0.93
-1730482139.29, 0.92
-1730482139.19, 0.92
-1730482139.09, 0.92
-1730482138.99, 0.91
-1730482138.88, 0.92
-1730482138.78, 0.91
-1730482138.68, 0.91
-1730482138.57, 0.92
-1730482138.48, 0.92
-1730482138.38, 0.93
-1730482138.28, 0.93
-1730482138.18, 0.93
-1730482138.08, 0.93
-1730482137.97, 0.93
-1730482137.87, 0.92
-1730482137.77, 0.92
-1730482137.67, 0.92
-1730482137.57, 0.91
-1730482137.46, 0.91
-1730482137.36, 0.91
-1730482137.26, 0.91
-1730482137.16, 0.92
-1730482137.06, 0.92
-1730482136.96, 0.92
-1730482136.86, 0.92
-1730482136.76, 0.93
-1730482136.66, 0.93
-1730482136.55, 0.93
-1730482136.45, 0.92
-1730482136.35, 0.91
-1730482136.25, 0.91
-1730482136.14, 0.91
-1730482136.05, 0.91
-1730482135.94, 0.91
-1730482135.84, 0.91
-1730482135.75, 0.92
-1730482135.64, 0.92
-1730482135.54, 0.92
-1730482135.44, 0.93
-1730482135.34, 0.93
-1730482135.23, 0.92
-1730482135.13, 0.92
-1730482135.03, 0.91
-1730482134.93, 0.91
-1730482134.83, 0.91
-1730482134.73, 0.91
-1730482134.63, 0.91
-1730482134.53, 0.91
-1730482134.42, 0.92
-1730482134.33, 0.91
-1730482134.22, 0.92
-1730482134.13, 0.92
-1730482134.01, 0.92
-1730482133.92, 0.92
-1730482133.82, 0.92
-1730482133.71, 0.92
-1730482133.62, 0.91
-1730482133.51, 0.90
-1730482133.42, 0.91
-1730482133.31, 0.91
-1730482133.21, 0.91
-1730482133.11, 0.91
-1730482133.00, 0.91
-1730482132.90, 0.91
-1730482132.80, 0.91
-1730482132.70, 0.92
-1730482132.60, 0.92
-1730482132.50, 0.92
-1730482132.40, 0.92
-1730482132.30, 0.91
-1730482132.20, 0.91
-1730482132.09, 0.91
-1730482131.99, 0.90
-1730482131.89, 0.91
-1730482131.78, 0.90
-1730482131.69, 1.45
-1730482131.59, 1.67
-1730482131.49, 2.11
-1730482131.39, 2.84
-1730482131.28, 1.45
-1730482131.18, 1.11
-1730482131.08, 1.01
-1730482130.97, 0.96
-1730482130.87, 2.87
-1730482130.78, 2.82
-1730482130.67, 2.13
-1730482130.57, 1.73
-1730482130.48, 1.51
-1730482130.37, 1.46
-1730482130.27, 1.52
-1730482130.17, 1.09
-1730482130.06, 1.77
-1730482129.97, 1.72
-1730482129.87, 1.40
-1730482129.77, 1.22
-1730482129.66, 1.12
-1730482129.56, 1.05
-1730482129.46, 1.00
-1730482129.36, 0.97
-1730482129.26, 0.95
-1730482129.15, 0.94
-1730482129.05, 0.93
-1730482128.95, 0.92
-1730482128.85, 0.92
-1730482128.75, 0.92
-1730482128.65, 0.92
-1730482128.55, 0.92
-1730482128.44, 0.92
-1730482128.35, 0.92
-1730482128.24, 0.92
-1730482128.14, 0.92
-1730482128.05, 0.91
-1730482127.94, 0.91
-1730482127.84, 0.91
-1730482127.73, 0.90
-1730482127.64, 0.91
-1730482127.53, 0.91
-1730482127.44, 0.90
-1730482127.33, 0.90
-1730482127.22, 0.91
-1730482127.13, 0.91
-1730482127.03, 0.91
-1730482126.93, 0.91
-1730482126.83, 0.91
-1730482126.72, 0.91
-1730482126.62, 0.91
-1730482126.52, 1.61
-1730482126.42, 2.07
-1730482126.32, 2.22
-1730482126.22, 2.28
-1730482126.11, 2.27
-1730482126.01, 2.24
-1730482125.91, 2.19
-1730482125.81, 2.14
-1730482125.71, 1.96
-1730482125.61, 1.54
-1730482125.50, 1.21
-1730482125.41, 1.28
-1730482125.30, 1.09
-1730482125.20, 0.98
-1730482125.11, 0.94
-1730482125.00, 0.93
-1730482124.90, 0.92
-1730482124.80, 0.91
-1730482124.70, 0.91
-1730482124.59, 0.91
-1730482124.49, 0.91
-1730482124.39, 0.91
-1730482124.29, 0.92
-1730482124.19, 0.93
-1730482124.09, 0.92
-1730482123.98, 0.91
-1730482123.89, 0.91
-1730482123.79, 0.91
-1730482123.69, 0.90
-1730482123.58, 0.90
-1730482123.48, 0.89
-1730482123.38, 0.90
-1730482123.28, 0.89
-1730482123.17, 0.90
-1730482123.08, 0.90
-1730482122.97, 0.90
-1730482122.88, 0.91
-1730482122.77, 0.91
-1730482122.67, 0.90
-1730482122.56, 0.91
-1730482122.46, 0.90
-1730482122.36, 0.89
-1730482122.27, 0.89
-1730482122.16, 0.89
-1730482122.06, 0.89
-1730482121.96, 0.89
-1730482121.86, 0.89
-1730482121.76, 0.89
-1730482121.65, 0.90
-1730482121.55, 0.90
-1730482121.45, 0.91
-1730482121.36, 0.91
-1730482121.25, 0.91
-1730482121.15, 0.90
-1730482121.04, 0.89
-1730482120.95, 0.90
-1730482120.85, 0.89
-1730482120.74, 0.89
-1730482120.65, 0.88
-1730482120.54, 0.88
-1730482120.44, 0.89
-1730482120.33, 0.89
-1730482120.24, 0.89
-1730482120.14, 0.89
-1730482120.03, 0.90
-1730482119.93, 0.90
-1730482119.83, 0.90
-1730482119.73, 0.90
-1730482119.63, 0.90
-1730482119.53, 0.89
-1730482119.43, 0.89
-1730482119.32, 0.89
-1730482119.22, 0.88
-1730482119.12, 0.88
-1730482119.02, 0.89
-1730482118.92, 0.89
-1730482118.82, 0.89
-1730482118.71, 0.90
-1730482118.62, 0.90
-1730482118.52, 0.90
-1730482118.41, 0.90
-1730482118.31, 0.90
-1730482118.21, 0.89
-1730482118.11, 0.88
-1730482118.00, 0.88
-1730482117.90, 0.88
-1730482117.80, 0.88
-1730482117.70, 0.88
-1730482117.60, 0.88
-1730482117.50, 0.89
-1730482117.40, 0.89
-1730482117.30, 0.89
-1730482117.19, 0.90
-1730482117.09, 0.90
-1730482116.99, 0.90
-1730482116.90, 0.89
-1730482116.78, 0.89
-1730482116.69, 0.88
-1730482116.59, 0.88
-1730482116.49, 0.88
-1730482116.38, 0.88
-1730482116.29, 0.88
-1730482116.19, 0.88
-1730482116.08, 0.88
-1730482115.98, 0.88
-1730482115.88, 0.89
-1730482115.78, 0.89
-1730482115.67, 0.89
-1730482115.58, 0.89
-1730482115.47, 0.89
-1730482115.37, 0.89
-1730482115.27, 0.88
-1730482115.17, 0.87
-1730482115.07, 0.88
-1730482114.96, 0.87
-1730482114.87, 0.88
-1730482114.76, 0.88
-1730482114.66, 0.88
-1730482114.57, 0.89
-1730482114.47, 0.89
-1730482114.36, 0.88
-1730482114.26, 0.89
-1730482114.16, 0.89
-1730482114.06, 0.88
-1730482113.96, 0.88
-1730482113.86, 0.87
-1730482113.75, 0.87
-1730482113.65, 0.87
-1730482113.55, 0.87
-1730482113.45, 0.87
-1730482113.35, 0.87
-1730482113.24, 0.88
-1730482113.14, 0.88
-1730482113.04, 0.89
-1730482112.94, 0.89
-1730482112.84, 0.89
-1730482112.74, 0.89
-1730482112.63, 0.88
-1730482112.54, 0.88
-1730482112.44, 0.87
-1730482112.33, 0.87
-1730482112.24, 0.87
-1730482112.13, 0.87
-1730482112.03, 0.87
-1730482111.93, 0.87
-1730482111.82, 0.87
-1730482111.73, 0.88
-1730482111.62, 0.89
-1730482111.52, 0.88
-1730482111.42, 0.88
-1730482111.32, 0.88
-1730482111.22, 0.88
-1730482111.12, 0.87
-1730482111.02, 0.87
-1730482110.91, 0.87
-1730482110.81, 0.87
-1730482110.71, 0.87
-1730482110.61, 0.87
-1730482110.51, 0.87
-1730482110.40, 0.87
-1730482110.31, 0.87
-1730482110.20, 0.88
-1730482110.11, 0.88
-1730482110.01, 0.88
-1730482109.90, 0.88
-1730482109.80, 0.87
-1730482109.70, 0.87
-1730482109.60, 0.87
-1730482109.49, 0.87
-1730482109.40, 0.87
-1730482109.28, 0.87
-1730482109.19, 0.87
-1730482109.09, 0.87
-1730482108.99, 0.87
-1730482108.89, 0.87
-1730482108.79, 0.87
-1730482108.69, 0.88
-1730482108.58, 0.88
-1730482108.48, 0.88
-1730482108.38, 0.87
-1730482108.28, 0.87
-1730482108.18, 0.87
-1730482108.07, 0.87
-1730482107.98, 0.86
-1730482107.87, 0.86
-1730482107.77, 0.86
-1730482107.67, 0.87
-1730482107.57, 0.86
-1730482107.47, 0.87
-1730482107.36, 0.88
-1730482107.26, 0.87
-1730482107.16, 0.88
-1730482107.06, 0.87
-1730482106.96, 0.87
-1730482106.86, 0.87
-1730482106.76, 0.86
-1730482106.66, 0.86
-1730482106.56, 0.86
-1730482106.45, 0.86
-1730482106.35, 0.86
-1730482106.25, 0.87
-1730482106.15, 0.87
-1730482106.05, 0.87
-1730482105.94, 0.87
-1730482105.85, 0.88
-1730482105.74, 0.87
-1730482105.65, 0.87
-1730482105.54, 0.87
-1730482105.44, 0.86
-1730482105.34, 0.86
-1730482105.24, 0.86
-1730482105.14, 0.86
-1730482105.04, 0.85
-1730482104.93, 0.86
-1730482104.84, 0.86
-1730482104.73, 0.87
-1730482104.63, 0.87
-1730482104.53, 0.87
-1730482104.43, 0.87
-1730482104.32, 0.87
-1730482104.22, 0.87
-1730482104.12, 0.87
-1730482104.03, 0.86
-1730482103.93, 0.86
-1730482103.82, 0.85
-1730482103.72, 0.85
-1730482103.61, 0.86
-1730482103.51, 0.86
-1730482103.42, 0.86
-1730482103.31, 0.86
-1730482103.21, 0.86
-1730482103.11, 0.87
-1730482103.01, 0.87
-1730482102.91, 0.87
-1730482102.81, 0.86
-1730482102.70, 0.86
-1730482102.60, 0.86
-1730482102.50, 0.85
-1730482102.40, 0.86
-1730482102.30, 0.86
-1730482102.20, 0.85
-1730482102.10, 0.86
-1730482101.99, 0.86
-1730482101.90, 0.86
-1730482101.79, 0.87
-1730482101.69, 0.87
-1730482101.59, 0.87
-1730482101.49, 0.87
-1730482101.39, 0.87
-1730482101.28, 0.86
-1730482101.18, 0.86
-1730482101.09, 0.86
-1730482100.98, 0.85
-1730482100.88, 0.86
-1730482100.78, 0.85
-1730482100.68, 0.85
-1730482100.58, 0.85
-1730482100.47, 0.86
-1730482100.37, 0.86
-1730482100.28, 0.86
-1730482100.17, 0.87
-1730482100.07, 0.87
-1730482099.97, 0.86
-1730482099.86, 0.87
-1730482099.76, 0.85
-1730482099.66, 0.85
-1730482099.56, 0.85
-1730482099.47, 0.85
-1730482099.36, 0.85
-1730482099.25, 0.84
-1730482099.16, 0.86
-1730482099.05, 0.86
-1730482098.96, 0.86
-1730482098.85, 0.87
-1730482098.75, 0.87
-1730482098.65, 0.87
-1730482098.55, 0.87
-1730482098.45, 0.86
-1730482098.35, 0.85
-1730482098.25, 0.85
-1730482098.14, 0.85
-1730482098.05, 0.84
-1730482097.93, 0.85
-1730482097.84, 0.85
-1730482097.74, 0.85
-1730482097.64, 0.86
-1730482097.54, 0.86
-1730482097.43, 0.87
-1730482097.33, 0.87
-1730482097.23, 0.86
-1730482097.13, 0.86
-1730482097.03, 0.86
-1730482096.93, 0.85
-1730482096.82, 0.85
-1730482096.72, 0.84
-1730482096.62, 0.85
-1730482096.52, 0.85
-1730482096.42, 0.84
-1730482096.33, 0.85
-1730482096.22, 0.85
-1730482096.12, 0.86
-1730482096.02, 0.86
-1730482095.91, 0.86
-1730482095.81, 0.86
-1730482095.71, 0.86
-1730482095.61, 0.86
-1730482095.51, 0.85
-1730482095.41, 0.84
-1730482095.31, 0.84
-1730482095.21, 0.84
-1730482095.10, 0.84
-1730482095.00, 0.84
-1730482094.90, 0.84
-1730482094.80, 0.85
-1730482094.70, 0.85
-1730482094.60, 0.86
-1730482094.49, 0.86
-1730482094.40, 0.86
-1730482094.29, 0.85
-1730482094.19, 0.85
-1730482094.09, 0.84
-1730482093.99, 0.84
-1730482093.89, 0.84
-1730482093.78, 0.84
-1730482093.69, 0.84
-1730482093.59, 0.83
-1730482093.48, 0.84
-1730482093.38, 0.85
-1730482093.28, 0.84
-1730482093.18, 0.85
-1730482093.08, 0.85
-1730482092.98, 0.85
-1730482092.88, 0.85
-1730482092.77, 0.85
-1730482092.67, 0.84
-1730482092.57, 0.83
-1730482092.47, 0.84
-1730482092.37, 0.84
-1730482092.27, 0.84
-1730482092.17, 0.84
-1730482092.07, 0.84
-1730482091.97, 0.84
-1730482091.86, 0.85
-1730482091.76, 0.84
-1730482091.66, 0.85
-1730482091.56, 0.85
-1730482091.45, 0.84
-1730482091.35, 0.85
-1730482091.25, 0.83
-1730482091.15, 0.83
-1730482091.06, 0.83
-1730482090.95, 0.83
-1730482090.85, 0.83
-1730482090.74, 0.83
-1730482090.64, 0.83
-1730482090.54, 0.84
-1730482090.44, 0.84
-1730482090.34, 0.85
-1730482090.24, 0.84
-1730482090.14, 0.84
-1730482090.04, 0.84
-1730482089.94, 0.84
-1730482089.83, 0.84
-1730482089.73, 0.83
-1730482089.63, 0.83
-1730482089.53, 0.83
-1730482089.43, 0.83
-1730482089.31, 0.82
-1730482089.23, 0.83
-1730482089.12, 0.84
-1730482089.03, 0.84
-1730482088.92, 0.84
-1730482088.82, 0.84
-1730482088.72, 0.85
-1730482088.62, 0.84
-1730482088.51, 0.83
-1730482088.42, 0.83
-1730482088.31, 0.83
-1730482088.21, 0.83
-1730482088.12, 0.82
-1730482088.01, 0.82
-1730482087.91, 0.83
-1730482087.81, 0.83
-1730482087.71, 0.83
-1730482087.60, 0.83
-1730482087.51, 0.84
-1730482087.40, 0.84
-1730482087.30, 0.84
-1730482087.19, 0.84
-1730482087.10, 0.83
-1730482086.99, 0.83
-1730482086.90, 0.82
-1730482086.80, 0.82
-1730482086.69, 0.83
-1730482086.59, 0.82
-1730482086.49, 0.82
-1730482086.39, 0.83
-1730482086.29, 0.83
-1730482086.18, 0.83
-1730482086.09, 0.83
-1730482085.98, 0.84
-1730482085.89, 0.84
-1730482085.78, 0.84
-1730482085.68, 0.83
-1730482085.58, 0.82
-1730482085.48, 0.82
-1730482085.38, 0.82
-1730482085.27, 0.82
-1730482085.17, 0.82
-1730482085.07, 0.82
-1730482084.97, 0.82
-1730482084.87, 0.82
-1730482084.77, 0.82
-1730482084.67, 0.83
-1730482084.57, 0.84
-1730482084.47, 0.83
-1730482084.36, 0.83
-1730482084.26, 0.83
-1730482084.16, 0.82
-1730482084.06, 0.82
-1730482083.95, 0.82
-1730482083.85, 0.81
-1730482083.75, 0.82
-1730482083.65, 0.82
-1730482083.55, 0.82
-1730482083.45, 0.83
-1730482083.35, 0.83
-1730482083.25, 0.83
-1730482083.14, 0.84
-1730482083.05, 0.83
-1730482082.94, 0.83
-1730482082.84, 0.82
-1730482082.74, 0.81
-1730482082.64, 0.82
-1730482082.54, 0.81
-1730482082.43, 0.82
-1730482082.34, 0.81
-1730482082.23, 0.81
-1730482082.13, 0.82
-1730482082.03, 0.82
-1730482081.93, 0.82
-1730482081.83, 0.82
-1730482081.73, 0.83
-1730482081.63, 0.82
-1730482081.52, 0.82
-1730482081.43, 0.82
-1730482081.32, 0.81
-1730482081.22, 0.81
-1730482081.11, 0.81
-1730482081.02, 0.81
-1730482080.91, 0.81
-1730482080.82, 0.81
-1730482080.71, 0.81
-1730482080.61, 0.82
-1730482080.51, 0.82
-1730482080.41, 0.82
-1730482080.30, 0.82
-1730482080.20, 0.83
-1730482080.11, 0.82
-1730482079.98, 0.81
-1730482079.89, 0.80
-1730482079.80, 0.81
-1730482079.70, 0.81
-1730482079.60, 0.80
-1730482079.50, 0.81
-1730482079.40, 0.81
-1730482079.30, 0.81
-1730482079.19, 0.82
-1730482079.09, 0.81
-1730482078.99, 0.82
-1730482078.88, 0.82
-1730482078.79, 0.81
-1730482078.69, 0.81
-1730482078.59, 0.81
-1730482078.49, 0.81
-1730482078.39, 0.81
-1730482078.28, 0.79
-1730482078.18, 0.80
-1730482078.08, 0.80
-1730482077.98, 0.80
-1730482077.87, 0.81
-1730482077.77, 0.81
-1730482077.67, 0.82
-1730482077.57, 0.82
-1730482077.46, 0.82
-1730482077.37, 0.82
-1730482077.27, 0.82
-1730482077.17, 0.81
-1730482077.07, 0.80
-1730482076.96, 0.80
-1730482076.87, 0.80
-1730482076.76, 0.80
-1730482076.66, 0.79
-1730482076.55, 0.80
-1730482076.46, 0.81
-1730482076.36, 0.81
-1730482076.26, 0.81
-1730482076.16, 0.82
-1730482076.05, 0.82
-1730482075.95, 0.82
-1730482075.85, 0.80
-1730482075.75, 0.80
-1730482075.65, 0.80
-1730482075.54, 0.79
-1730482075.44, 0.79
-1730482075.34, 0.79
-1730482075.24, 0.80
-1730482075.14, 0.80
-1730482075.04, 0.80
-1730482074.94, 0.81
-1730482074.83, 0.81
-1730482074.74, 0.81
-1730482074.64, 0.81
-1730482074.54, 0.81
-1730482074.43, 0.81
-1730482074.33, 0.80
-1730482074.23, 0.80
-1730482074.12, 0.80
-1730482074.02, 0.80
-1730482073.93, 0.79
-1730482073.82, 0.79
-1730482073.72, 0.80
-1730482073.62, 0.80
-1730482073.52, 0.80
-1730482073.42, 0.81
-1730482073.32, 0.81
-1730482073.22, 0.81
-1730482073.12, 0.81
-1730482073.01, 0.80
-1730482072.91, 0.80
-1730482072.81, 0.79
-1730482072.70, 0.79
-1730482072.61, 0.79
-1730482072.50, 0.79
-1730482072.40, 0.79
-1730482072.30, 0.79
-1730482072.20, 0.79
-1730482072.10, 0.80
-1730482072.00, 0.81
-1730482071.90, 0.81
-1730482071.80, 0.80
-1730482071.70, 0.81
-1730482071.59, 0.80
-1730482071.49, 0.79
-1730482071.39, 0.79
-1730482071.29, 0.79
-1730482071.15, 0.79
-1730482071.06, 0.79
-1730482070.99, 0.78
-1730482070.88, 0.79
-1730482070.78, 0.80
-1730482070.68, 0.80
-1730482070.57, 0.80
-1730482070.48, 0.81
-1730482070.37, 0.80
-1730482070.28, 0.80
-1730482070.17, 0.79
-1730482070.08, 0.79
-1730482069.97, 0.79
-1730482069.87, 0.79
-1730482069.77, 0.78
-1730482069.67, 0.79
-1730482069.57, 0.79
-1730482069.47, 0.78
-1730482069.36, 0.79
-1730482069.27, 0.79
-1730482069.16, 0.80
-1730482069.06, 0.80
-1730482068.96, 0.80
-1730482068.85, 0.80
-1730482068.75, 0.79
-1730482068.65, 0.79
-1730482068.56, 0.78
-1730482068.45, 0.78
-1730482068.35, 0.78
-1730482068.25, 0.78
-1730482068.15, 0.78
-1730482068.05, 0.78
-1730482067.94, 0.79
-1730482067.84, 0.79
-1730482067.74, 0.79
-1730482067.64, 0.80
-1730482067.54, 0.80
-1730482067.44, 0.79
-1730482067.34, 0.78
-1730482067.24, 0.78
-1730482067.12, 0.78
-1730482067.03, 0.78
-1730482066.93, 0.78
-1730482066.83, 0.78
-1730482066.73, 0.78
-1730482066.62, 0.78
-1730482066.53, 0.78
-1730482066.43, 0.79
-1730482066.32, 0.79
-1730482066.22, 0.79
-1730482066.12, 0.80
-1730482066.01, 0.79
-1730482065.92, 0.78
-1730482065.82, 0.78
-1730482065.71, 0.78
-1730482065.61, 0.78
-1730482065.51, 0.78
-1730482065.41, 0.78
-1730482065.31, 0.78
-1730482065.21, 0.78
-1730482065.11, 0.78
-1730482065.01, 0.78
-1730482064.90, 0.79
-1730482064.81, 0.79
-1730482064.70, 0.79
-1730482064.60, 0.79
-1730482064.50, 0.78
-1730482064.40, 0.77
-1730482064.29, 0.78
-1730482064.20, 0.77
-1730482064.10, 0.77
-1730482063.99, 0.77
-1730482063.89, 0.77
-1730482063.79, 0.77
-1730482063.69, 0.78
-1730482063.59, 0.78
-1730482063.49, 0.79
-1730482063.38, 0.79
-1730482063.28, 0.79
-1730482063.18, 0.79
-1730482063.08, 0.78
-1730482062.98, 0.78
-1730482062.88, 0.77
-1730482062.77, 0.77
-1730482062.68, 0.77
-1730482062.57, 0.77
-1730482062.47, 0.77
-1730482062.37, 0.77
-1730482062.27, 0.78
-1730482062.17, 0.78
-1730482062.06, 0.78
-1730482061.97, 0.78
-1730482061.86, 0.79
-1730482061.74, 0.78
-1730482061.66, 0.78
-1730482061.56, 0.78
-1730482061.46, 0.77
-1730482061.35, 0.77
-1730482061.25, 0.77
-1730482061.15, 0.77
-1730482061.06, 0.76
-1730482060.95, 0.77
-1730482060.85, 0.78
-1730482060.75, 0.78
-1730482060.65, 0.78
-1730482060.54, 0.78
-1730482060.44, 0.78
-1730482060.35, 0.78
-1730482060.24, 0.77
-1730482060.14, 0.77
-1730482060.04, 0.77
-1730482059.93, 0.76
-1730482059.84, 0.77
-1730482059.74, 0.77
-1730482059.64, 0.76
-1730482059.53, 0.77
-1730482059.43, 0.77
-1730482059.33, 0.77
-1730482059.23, 0.78
-1730482059.13, 0.78
-1730482059.03, 0.78
-1730482058.92, 0.78
-1730482058.83, 0.77
-1730482058.72, 0.77
-1730482058.63, 0.76
-1730482058.52, 0.76
-1730482058.42, 0.76
-1730482058.32, 0.76
-1730482058.22, 0.76
-1730482058.11, 0.77
-1730482058.01, 0.77
-1730482057.91, 0.78
-1730482057.81, 0.78
-1730482057.71, 0.78
-1730482057.61, 0.78
-1730482057.51, 0.78
-1730482057.41, 0.77
-1730482057.31, 0.76
-1730482057.20, 0.76
-1730482057.10, 0.76
-1730482057.00, 0.76
-1730482056.90, 0.76
-1730482056.80, 0.76
-1730482056.69, 0.76
-1730482056.59, 0.77
-1730482056.50, 0.77
-1730482056.40, 0.78
-1730482056.28, 0.77
-1730482056.19, 0.77
-1730482056.08, 0.77
-1730482055.99, 0.76
-1730482055.88, 0.76
-1730482055.79, 0.76
-1730482055.68, 0.76
-1730482055.58, 0.76
-1730482055.48, 0.76
-1730482055.38, 0.76
-1730482055.28, 0.76
-1730482055.17, 0.77
-1730482055.07, 0.77
-1730482054.98, 0.77
-1730482054.88, 0.77
-1730482054.77, 0.78
-1730482054.67, 0.77
-1730482054.57, 0.76
-1730482054.47, 0.76
-1730482054.37, 0.76
-1730482054.26, 0.76
-1730482054.15, 0.76
-1730482054.06, 0.75
-1730482053.96, 0.76
-1730482053.85, 0.76
-1730482053.75, 0.76
-1730482053.65, 0.77
-1730482053.56, 0.77
-1730482053.46, 0.77
-1730482053.35, 0.77
-1730482053.25, 0.76
-1730482053.15, 0.76
-1730482053.04, 0.76
-1730482052.95, 0.75
-1730482052.85, 0.75
-1730482052.74, 0.75
-1730482052.64, 0.75
-1730482052.53, 0.75
-1730482052.43, 0.76
-1730482052.34, 0.76
-1730482052.24, 0.77
-1730482052.13, 0.77
-1730482052.03, 0.77
-1730482051.93, 0.77
-1730482051.83, 0.77
-1730482051.72, 0.76
-1730482051.63, 0.75
-1730482051.53, 0.75
-1730482051.43, 0.75
-1730482051.32, 0.75
-1730482051.22, 0.76
-1730482051.12, 0.75
-1730482051.02, 0.75
-1730482050.92, 0.76
-1730482050.82, 0.76
-1730482050.71, 0.77
-1730482050.62, 0.77
-1730482050.51, 0.76
-1730482050.41, 0.76
-1730482050.31, 0.75
-1730482050.21, 0.75
-1730482050.11, 0.75
-1730482050.00, 0.75
-1730482049.90, 0.75
-1730482049.81, 0.75
-1730482049.70, 0.75
-1730482049.60, 0.75
-1730482049.50, 0.75
-1730482049.40, 0.76
-1730482049.30, 0.76
-1730482049.20, 0.77
-1730482049.10, 0.76
-1730482048.99, 0.75
-1730482048.89, 0.75
-1730482048.79, 0.75
-1730482048.69, 0.75
-1730482048.59, 0.75
-1730482048.48, 0.75
-1730482048.39, 0.75
-1730482048.28, 0.75
-1730482048.19, 0.75
-1730482048.08, 0.75
-1730482047.98, 0.76
-1730482047.88, 0.76
-1730482047.78, 0.76
-1730482047.68, 0.76
-1730482047.57, 0.76
-1730482047.47, 0.75
-1730482047.37, 0.75
-1730482047.27, 0.74
-1730482047.17, 0.74
-1730482047.07, 0.74
-1730482046.96, 0.74
-1730482046.86, 0.75
-1730482046.76, 0.75
-1730482046.66, 0.75
-1730482046.56, 0.76
-1730482046.46, 0.76
-1730482046.35, 0.76
-1730482046.26, 0.76
-1730482046.16, 0.75
-1730482046.05, 0.75
-1730482045.95, 0.75
-1730482045.86, 0.74
-1730482045.75, 0.74
-1730482045.65, 0.74
-1730482045.55, 0.74
-1730482045.45, 0.74
-1730482045.35, 0.74
-1730482045.25, 0.75
-1730482045.14, 0.76
-1730482045.04, 0.75
-1730482044.94, 0.76
-1730482044.84, 0.76
-1730482044.74, 0.75
-1730482044.63, 0.74
-1730482044.53, 0.74
-1730482044.43, 0.74
-1730482044.33, 0.74
-1730482044.23, 0.73
-1730482044.12, 0.74
-1730482044.03, 0.74
-1730482043.92, 0.74
-1730482043.83, 0.75
-1730482043.72, 0.75
-1730482043.62, 0.76
-1730482043.52, 0.75
-1730482043.42, 0.75
-1730482043.32, 0.75
-1730482043.21, 0.74
-1730482043.11, 0.74
-1730482043.01, 0.74
-1730482042.92, 0.74
-1730482042.81, 0.74
-1730482042.71, 0.73
-1730482042.61, 0.74
-1730482042.51, 0.74
-1730482042.39, 0.74
-1730482042.29, 0.75
-1730482042.20, 0.75
-1730482042.10, 0.76
-1730482042.00, 0.75
-1730482041.90, 0.75
-1730482041.80, 0.74
-1730482041.69, 0.73
-1730482041.59, 0.73
-1730482041.49, 0.74
-1730482041.39, 0.73
-1730482041.28, 0.73
-1730482041.19, 0.74
-1730482041.09, 0.74
-1730482040.97, 0.74
-1730482040.89, 0.75
-1730482040.79, 0.75
-1730482040.68, 0.76
-1730482040.58, 0.75
-1730482040.48, 0.75
-1730482040.38, 0.74
-1730482040.28, 0.74
-1730482040.18, 0.74
-1730482040.08, 0.73
-1730482039.98, 0.74
-1730482039.88, 0.73
-1730482039.77, 0.74
-1730482039.67, 0.74
-1730482039.57, 0.74
-1730482039.47, 0.74
-1730482039.37, 0.75
-1730482039.26, 0.75
-1730482039.16, 0.75
-1730482039.06, 0.74
-1730482038.96, 0.73
-1730482038.86, 0.73
-1730482038.75, 0.73
-1730482038.66, 0.73
-1730482038.56, 0.73
-1730482038.45, 0.73
-1730482038.36, 0.73
-1730482038.25, 0.74
-1730482038.15, 0.73
-1730482038.05, 0.74
-1730482037.95, 0.75
-1730482037.84, 0.74
-1730482037.74, 0.74
-1730482037.64, 0.74
-1730482037.54, 0.74
-1730482037.44, 0.73
-1730482037.34, 0.73
-1730482037.24, 0.73
-1730482037.14, 0.73
-1730482037.03, 0.73
-1730482036.93, 0.73
-1730482036.83, 0.73
-1730482036.73, 0.73
-1730482036.63, 0.74
-1730482036.52, 0.74
-1730482036.43, 0.75
-1730482036.33, 0.74
-1730482036.23, 0.74
-1730482036.12, 0.74
-1730482036.02, 0.73
-1730482035.92, 0.73
-1730482035.82, 0.72
-1730482035.72, 0.73
-1730482035.62, 0.73
-1730482035.51, 0.73
-1730482035.41, 0.73
-1730482035.31, 0.73
-1730482035.21, 0.74
-1730482035.11, 0.74
-1730482035.01, 0.74
-1730482034.91, 0.74
-1730482034.81, 0.74
-1730482034.70, 0.73
-1730482034.60, 0.73
-1730482034.50, 0.72
-1730482034.39, 0.72
-1730482034.30, 0.72
-1730482034.20, 0.72
-1730482034.10, 0.73
-1730482033.99, 0.73
-1730482033.89, 0.73
-1730482033.79, 0.74
-1730482033.69, 0.74
-1730482033.59, 0.74
-1730482033.49, 0.74
-1730482033.39, 0.74
-1730482033.29, 0.74
-1730482033.19, 0.73
-1730482033.08, 0.72
-1730482032.98, 0.72
-1730482032.88, 0.72
-1730482032.77, 0.72
-1730482032.68, 0.72
-1730482032.58, 0.73
-1730482032.45, 0.73
-1730482032.37, 0.73
-1730482032.28, 0.74
-1730482032.17, 0.73
-1730482032.06, 0.74
-1730482031.97, 0.74
-1730482031.86, 0.72
-1730482031.77, 0.72
-1730482031.66, 0.72
-1730482031.56, 0.72
-1730482031.46, 0.72
-1730482031.36, 0.72
-1730482031.26, 0.72
-1730482031.16, 0.72
-1730482031.06, 0.73
-1730482030.96, 0.74
-1730482030.85, 0.74
-1730482030.74, 0.74
-1730482030.65, 0.74
-1730482030.54, 0.73
-1730482030.45, 0.73
-1730482030.35, 0.72
-1730482030.24, 0.72
-1730482030.14, 0.72
-1730482030.04, 0.72
-1730482029.94, 0.72
-1730482029.84, 0.71
-1730482029.74, 0.72
-1730482029.63, 0.73
-1730482029.54, 0.73
-1730482029.43, 0.73
-1730482029.33, 0.74
-1730482029.23, 0.73
-1730482029.13, 0.73
-1730482029.03, 0.72
-1730482028.93, 0.72
-1730482028.82, 0.72
-1730482028.72, 0.71
-1730482028.61, 0.71
-1730482028.52, 0.72
-1730482028.42, 0.71
-1730482028.32, 0.72
-1730482028.22, 0.73
-1730482028.11, 0.73
-1730482028.01, 0.73
-1730482027.91, 0.73
-1730482027.80, 0.73
-1730482027.71, 0.72
-1730482027.61, 0.72
-1730482027.51, 0.72
-1730482027.41, 0.71
-1730482027.31, 0.71
-1730482027.21, 0.71
-1730482027.10, 0.71
-1730482027.00, 0.71
-1730482026.89, 0.72
-1730482026.80, 0.72
-1730482026.70, 0.73
-1730482026.60, 0.73
-1730482026.48, 0.73
-1730482026.39, 0.73
-1730482026.29, 0.72
-1730482026.19, 0.72
-1730482026.08, 0.71
-1730482025.98, 0.71
-1730482025.89, 0.72
-1730482025.78, 0.70
-1730482025.68, 0.71
-1730482025.59, 0.72
-1730482025.48, 0.72
-1730482025.38, 0.72
-1730482025.28, 0.73
-1730482025.18, 0.72
-1730482025.07, 0.73
-1730482024.96, 0.73
-1730482024.87, 0.72
-1730482024.74, 0.71
-1730482024.64, 0.71
-1730482024.56, 0.71
-1730482024.47, 0.71
-1730482024.36, 0.71
-1730482024.26, 0.71
-1730482024.16, 0.72
-1730482024.06, 0.71
-1730482023.96, 0.72
-1730482023.85, 0.72
-1730482023.76, 0.72
-1730482023.65, 0.73
-1730482023.55, 0.72
-1730482023.45, 0.72
-1730482023.35, 0.71
-1730482023.25, 0.71
-1730482023.14, 0.71
-1730482023.05, 0.71
-1730482022.94, 0.70
-1730482022.85, 0.71
-1730482022.74, 0.71
-1730482022.64, 0.71
-1730482022.54, 0.71
-1730482022.44, 0.72
-1730482022.34, 0.73
-1730482022.24, 0.73
-1730482022.14, 0.72
-1730482022.04, 0.72
-1730482021.92, 0.71
-1730482021.82, 0.72
-1730482021.72, 0.71
-1730482021.63, 0.71
-1730482021.52, 0.71
-1730482021.42, 0.70
-1730482021.32, 0.71
-1730482021.22, 0.71
-1730482021.12, 0.71
-1730482021.02, 0.72
-1730482020.92, 0.72
-1730482020.82, 0.72
-1730482020.72, 0.72
-1730482020.61, 0.72
-1730482020.51, 0.71
-1730482020.42, 0.71
-1730482020.31, 0.71
-1730482020.21, 0.70
-1730482020.11, 0.70
-1730482020.01, 0.70
-1730482019.91, 0.71
-1730482019.81, 0.71
-1730482019.71, 0.71
-1730482019.60, 0.72
-1730482019.50, 0.72
-1730482019.39, 0.72
-1730482019.30, 0.72
-1730482019.16, 0.72
-1730482019.06, 0.71
-1730482018.99, 0.70
-1730482018.88, 0.70
-1730482018.79, 0.70
-1730482018.67, 0.70
-1730482018.59, 0.71
-1730482018.48, 0.71
-1730482018.39, 0.71
-1730482018.29, 0.71
-1730482018.18, 0.71
-1730482018.08, 0.72
-1730482017.98, 0.72
-1730482017.88, 0.71
-1730482017.78, 0.71
-1730482017.67, 0.71
-1730482017.58, 0.70
-1730482017.47, 0.70
-1730482017.37, 0.70
-1730482017.27, 0.70
-1730482017.17, 0.70
-1730482017.06, 0.71
-1730482016.96, 0.71
-1730482016.87, 0.71
-1730482016.76, 0.71
-1730482016.67, 0.72
-1730482016.56, 0.72
-1730482016.45, 0.71
-1730482016.31, 0.71
-1730482016.24, 0.70
-1730482016.16, 0.70
-1730482016.06, 0.70
-1730482015.95, 0.69
-1730482015.86, 0.70
-1730482015.75, 0.70
-1730482015.65, 0.70
-1730482015.54, 0.71
-1730482015.44, 0.70
-1730482015.34, 0.72
-1730482015.24, 0.72
-1730482015.14, 0.72
-1730482015.04, 0.71
-1730482014.94, 0.71
-1730482014.84, 0.70
-1730482014.73, 0.70
-1730482014.64, 0.69
-1730482014.54, 0.70
-1730482014.43, 0.70
-1730482014.33, 0.69
-1730482014.23, 0.70
-1730482014.13, 0.71
-1730482014.03, 0.70
-1730482013.92, 0.71
-1730482013.82, 0.71
-1730482013.72, 0.71
-1730482013.60, 0.71
-1730482013.52, 0.71
-1730482013.42, 0.70
-1730482013.32, 0.70
-1730482013.22, 0.69
-1730482013.11, 0.70
-1730482013.02, 0.69
-1730482012.91, 0.69
-1730482012.80, 0.69
-1730482012.72, 0.69
-1730482012.61, 0.70
-1730482012.51, 0.70
-1730482012.41, 0.71
-1730482012.31, 0.71
-1730482012.20, 0.71
-1730482012.10, 0.71
-1730482012.01, 0.70
-1730482011.90, 0.70
-1730482011.80, 0.69
-1730482011.70, 0.69
-1730482011.59, 0.69
-1730482011.49, 0.70
-1730482011.39, 0.70
-1730482011.30, 0.70
-1730482011.19, 0.70
-1730482011.09, 0.70
-1730482010.99, 0.71
-1730482010.88, 0.71
-1730482010.79, 0.70
-1730482010.68, 0.70
-1730482010.58, 0.70
-1730482010.49, 0.69
-1730482010.38, 0.69
-1730482010.27, 0.69
-1730482010.17, 0.69
-1730482010.07, 0.69
-1730482009.97, 0.69
-1730482009.87, 0.69
-1730482009.77, 0.69
-1730482009.67, 0.70
-1730482009.57, 0.71
-1730482009.47, 0.70
-1730482009.36, 0.71
-1730482009.27, 0.70
-1730482009.16, 0.69
-1730482009.06, 0.69
-1730482008.96, 0.69
-1730482008.86, 0.69
-1730482008.76, 0.69
-1730482008.66, 0.69
-1730482008.56, 0.69
-1730482008.45, 0.69
-1730482008.36, 0.69
-1730482008.25, 0.70
-1730482008.15, 0.70
-1730482008.05, 0.70
-1730482007.95, 0.71
-1730482007.84, 0.70
-1730482007.74, 0.69
-1730482007.64, 0.69
-1730482007.51, 0.69
-1730482007.42, 0.69
-1730482007.34, 0.68
-1730482007.24, 0.69
-1730482007.13, 0.69
-1730482007.03, 0.69
-1730482006.94, 0.69
-1730482006.83, 0.69
-1730482006.73, 0.70
-1730482006.63, 0.70
-1730482006.53, 0.70
-1730482006.43, 0.70
-1730482006.33, 0.69
-1730482006.23, 0.69
-1730482006.12, 0.69
-1730482006.02, 0.68
-1730482005.92, 0.68
-1730482005.82, 0.68
-1730482005.72, 0.68
-1730482005.62, 0.68
-1730482005.52, 0.69
-1730482005.42, 0.69
-1730482005.31, 0.70
-1730482005.21, 0.70
-1730482005.11, 0.70
-1730482005.01, 0.70
-1730482004.91, 0.69
-1730482004.80, 0.68
-1730482004.71, 0.68
-1730482004.60, 0.68
-1730482004.50, 0.68
-1730482004.40, 0.68
-1730482004.30, 0.68
-1730482004.20, 0.68
-1730482004.10, 0.68
-1730482004.00, 0.69
-1730482003.90, 0.69
-1730482003.79, 0.69
-1730482003.69, 0.70
-1730482003.59, 0.69
-1730482003.49, 0.68
-1730482003.39, 0.69
-1730482003.28, 0.68
-1730482003.19, 0.67
-1730482003.09, 0.68
-1730482002.98, 0.68
-1730482002.88, 0.68
-1730482002.78, 0.68
-1730482002.68, 0.68
-1730482002.58, 0.68
-1730482002.47, 0.69
-1730482002.38, 0.69
-1730482002.27, 0.69
-1730482002.17, 0.69
-1730482002.07, 0.69
-1730482001.97, 0.68
-1730482001.87, 0.68
-1730482001.76, 0.68
-1730482001.67, 0.68
-1730482001.56, 0.68
-1730482001.46, 0.68
-1730482001.36, 0.68
-1730482001.26, 0.68
-1730482001.16, 0.68
-1730482001.05, 0.69
-1730482000.96, 0.69
-1730482000.86, 0.69
-1730482000.76, 0.70
-1730482000.65, 0.68
-1730482000.55, 0.68
-1730482000.45, 0.68
-1730482000.35, 0.67
-1730482000.25, 0.67
-1730482000.15, 0.68
-1730482000.05, 0.67
-1730481999.95, 0.68
-1730481999.84, 0.68
-1730481999.74, 0.68
-1730481999.64, 0.69
-1730481999.54, 0.69
-1730481999.44, 0.69
-1730481999.33, 0.69
-1730481999.23, 0.68
-1730481999.13, 0.68
-1730481999.03, 0.67
-1730481998.93, 0.67
-1730481998.82, 0.67
-1730481998.73, 0.67
-1730481998.63, 0.67
-1730481998.53, 0.67
-1730481998.43, 0.67
-1730481998.32, 0.68
-1730481998.22, 0.68
-1730481998.11, 0.69
-1730481998.00, 0.69
-1730481997.92, 0.69
-1730481997.82, 0.68
-1730481997.72, 0.68
-1730481997.62, 0.68
-1730481997.51, 0.67
-1730481997.41, 0.67
-1730481997.31, 0.67
-1730481997.21, 0.67
-1730481997.11, 0.67
-1730481997.00, 0.67
-1730481996.90, 0.68
-1730481996.80, 0.68
-1730481996.70, 0.68
-1730481996.59, 0.68
-1730481996.49, 0.68
-1730481996.39, 0.68
-1730481996.30, 0.68
-1730481996.19, 0.67
-1730481996.09, 0.67
-1730481995.99, 0.67
-1730481995.89, 0.67
-1730481995.79, 0.66
-1730481995.68, 0.67
-1730481995.58, 0.67
-1730481995.48, 0.67
-1730481995.38, 0.67
-1730481995.27, 0.69
-1730481995.18, 0.69
-1730481995.08, 0.68
-1730481994.98, 0.68
-1730481994.88, 0.68
-1730481994.78, 0.67
-1730481994.67, 0.66
-1730481994.57, 0.66
-1730481994.47, 0.67
-1730481994.37, 0.67
-1730481994.27, 0.67
-1730481994.17, 0.66
-1730481994.06, 0.67
-1730481993.96, 0.68
-1730481993.86, 0.67
-1730481993.76, 0.68
-1730481993.66, 0.68
-1730481993.56, 0.67
-1730481993.45, 0.68
-1730481993.36, 0.67
-1730481993.25, 0.67
-1730481993.15, 0.66
-1730481993.05, 0.66
-1730481992.95, 0.66
-1730481992.84, 0.66
-1730481992.74, 0.66
-1730481992.64, 0.67
-1730481992.54, 0.67
-1730481992.44, 0.68
-1730481992.34, 0.68
-1730481992.24, 0.68
-1730481992.14, 0.67
-1730481992.04, 0.67
-1730481991.94, 0.67
-1730481991.83, 0.66
-1730481991.73, 0.66
-1730481991.63, 0.66
-1730481991.53, 0.66
-1730481991.43, 0.66
-1730481991.33, 0.66
-1730481991.23, 0.66
-1730481991.12, 0.67
-1730481991.02, 0.67
-1730481990.92, 0.67
-1730481990.82, 0.68
-1730481990.72, 0.68
-1730481990.62, 0.67
-1730481990.52, 0.67
-1730481990.41, 0.66
-1730481990.31, 0.65
-1730481990.21, 0.66
-1730481990.11, 0.66
-1730481990.01, 0.66
-1730481989.91, 0.66
-1730481989.81, 0.66
-1730481989.71, 0.66
-1730481989.60, 0.67
-1730481989.51, 0.68
-1730481989.40, 0.67
-1730481989.30, 0.67
-1730481989.20, 0.67
-1730481989.10, 0.67
-1730481989.00, 0.66
-1730481988.90, 0.65
-1730481988.79, 0.66
-1730481988.70, 0.66
-1730481988.59, 0.65
-1730481988.49, 0.65
-1730481988.39, 0.66
-1730481988.29, 0.66
-1730481988.18, 0.66
-1730481988.08, 0.67
-1730481987.98, 0.67
-1730481987.88, 0.67
-1730481987.79, 0.67
-1730481987.68, 0.66
-1730481987.58, 0.66
-1730481987.48, 0.65
-1730481987.37, 0.65
-1730481987.28, 0.65
-1730481987.17, 0.65
-1730481987.07, 0.65
-1730481986.97, 0.66
-1730481986.87, 0.66
-1730481986.77, 0.66
-1730481986.67, 0.67
-1730481986.56, 0.67
-1730481986.46, 0.67
-1730481986.37, 0.67
-1730481986.26, 0.66
-1730481986.15, 0.66
-1730481986.06, 0.65
-1730481985.95, 0.65
-1730481985.86, 0.65
-1730481985.75, 0.65
-1730481985.66, 0.65
-1730481985.55, 0.66
-1730481985.45, 0.66
-1730481985.35, 0.65
-1730481985.25, 0.66
-1730481985.15, 0.67
-1730481985.04, 0.67
-1730481984.94, 0.66
-1730481984.85, 0.66
-1730481984.74, 0.65
-1730481984.64, 0.65
-1730481984.54, 0.65
-1730481984.44, 0.65
-1730481984.34, 0.65
-1730481984.23, 0.65
-1730481984.13, 0.66
-1730481984.03, 0.66
-1730481983.93, 0.65
-1730481983.83, 0.66
-1730481983.73, 0.66
-1730481983.63, 0.67
-1730481983.53, 0.66
-1730481983.42, 0.66
-1730481983.33, 0.65
-1730481983.22, 0.65
-1730481983.12, 0.65
-1730481983.01, 0.65
-1730481982.92, 0.65
-1730481982.82, 0.65
-1730481982.71, 0.65
-1730481982.61, 0.66
-1730481982.51, 0.66
-1730481982.41, 0.65
-1730481982.31, 0.66
-1730481982.21, 0.67
-1730481982.11, 0.66
-1730481982.00, 0.66
-1730481981.90, 0.65
-1730481981.80, 0.65
-1730481981.70, 0.65
-1730481981.60, 0.65
-1730481981.49, 0.64
-1730481981.40, 0.65
-1730481981.29, 0.65
-1730481981.19, 0.65
-1730481981.09, 0.65
-1730481980.99, 0.66
-1730481980.89, 0.66
-1730481980.79, 0.66
-1730481980.69, 0.66
-1730481980.58, 0.66
-1730481980.48, 0.65
-1730481980.38, 0.65
-1730481980.28, 0.65
-1730481980.18, 0.65
-1730481980.08, 0.65
-1730481979.98, 0.65
-1730481979.88, 0.65
-1730481979.77, 0.65
-1730481979.68, 0.65
-1730481979.57, 0.65
-1730481979.47, 0.65
-1730481979.37, 0.66
-1730481979.25, 0.66
-1730481979.16, 0.65
-1730481979.06, 0.65
-1730481978.97, 0.65
-1730481978.86, 0.65
-1730481978.76, 0.65
-1730481978.66, 0.65
-1730481978.56, 0.64
-1730481978.46, 0.64
-1730481978.35, 0.65
-1730481978.25, 0.65
-1730481978.15, 0.65
-1730481978.05, 0.66
-1730481977.95, 0.65
-1730481977.84, 0.66
-1730481977.75, 0.65
-1730481977.65, 0.65
-1730481977.54, 0.65
-1730481977.45, 0.64
-1730481977.34, 0.64
-1730481977.24, 0.64
-1730481977.14, 0.65
-1730481977.04, 0.64
-1730481976.93, 0.64
-1730481976.83, 0.65
-1730481976.73, 0.65
-1730481976.64, 0.65
-1730481976.53, 0.66
-1730481976.43, 0.65
-1730481976.33, 0.65
-1730481976.23, 0.65
-1730481976.12, 0.65
-1730481976.03, 0.64
-1730481975.92, 0.64
-1730481975.82, 0.64
-1730481975.72, 0.64
-1730481975.62, 0.63
-1730481975.51, 0.64
-1730481975.42, 0.64
-1730481975.31, 0.64
-1730481975.21, 0.65
-1730481975.11, 0.65
-1730481975.01, 0.65
-1730481974.91, 0.65
-1730481974.81, 0.65
-1730481974.70, 0.65
-1730481974.60, 0.64
-1730481974.50, 0.65
-1730481974.40, 0.64
-1730481974.29, 0.64
-1730481974.20, 0.64
-1730481974.10, 0.64
-1730481974.00, 0.64
-1730481973.90, 0.65
-1730481973.80, 0.65
-1730481973.70, 0.65
-1730481973.60, 0.65
-1730481973.49, 0.65
-1730481973.39, 0.65
-1730481973.29, 0.65
-1730481973.19, 0.64
-1730481973.09, 0.64
-1730481972.98, 0.64
-1730481972.89, 0.64
-1730481972.78, 0.64
-1730481972.68, 0.63
-1730481972.58, 0.64
-1730481972.47, 0.64
-1730481972.38, 0.64
-1730481972.27, 0.65
-1730481972.18, 0.64
-1730481972.08, 0.65
-1730481971.97, 0.65
-1730481971.87, 0.64
-1730481971.77, 0.64
-1730481971.67, 0.64
-1730481971.57, 0.63
-1730481971.47, 0.63
-1730481971.36, 0.63
-1730481971.26, 0.63
-1730481971.16, 0.64
-1730481971.05, 0.64
-1730481970.96, 0.64
-1730481970.86, 0.65
-1730481970.75, 0.65
-1730481970.65, 0.65
-1730481970.55, 0.65
-1730481970.45, 0.64
-1730481970.35, 0.64
-1730481970.25, 0.63
-1730481970.14, 0.63
-1730481970.05, 0.64
-1730481969.94, 0.63
-1730481969.85, 0.63
-1730481969.74, 0.63
-1730481969.64, 0.63
-1730481969.53, 0.64
-1730481969.43, 0.65
-1730481969.33, 0.65
-1730481969.24, 0.64
-1730481969.13, 0.64
-1730481969.03, 0.64
-1730481968.93, 0.63
-1730481968.83, 0.63
-1730481968.73, 0.63
-1730481968.63, 0.63
-1730481968.52, 0.63
-1730481968.43, 0.63
-1730481968.32, 0.63
-1730481968.23, 0.63
-1730481968.12, 0.63
-1730481968.02, 0.64
-1730481967.92, 0.64
-1730481967.81, 0.64
-1730481967.72, 0.64
-1730481967.61, 0.64
-1730481967.51, 0.63
-1730481967.41, 0.63
-1730481967.30, 0.63
-1730481967.21, 0.63
-1730481967.11, 0.62
-1730481967.01, 0.62
-1730481966.90, 0.63
-1730481966.80, 0.63
-1730481966.71, 0.63
-1730481966.60, 0.64
-1730481966.50, 0.64
-1730481966.39, 0.65
-1730481966.30, 0.64
-1730481966.19, 0.64
-1730481966.09, 0.63
-1730481965.99, 0.63
-1730481965.90, 0.63
-1730481965.79, 0.62
-1730481965.69, 0.62
-1730481965.59, 0.63
-1730481965.49, 0.62
-1730481965.39, 0.63
-1730481965.28, 0.63
-1730481965.18, 0.63
-1730481965.08, 0.64
-1730481964.98, 0.63
-1730481964.88, 0.64
-1730481964.78, 0.64
-1730481964.67, 0.63
-1730481964.58, 0.63
-1730481964.48, 0.62
-1730481964.37, 0.62
-1730481964.27, 0.62
-1730481964.17, 0.62
-1730481964.07, 0.62
-1730481963.97, 0.62
-1730481963.86, 0.63
-1730481963.76, 0.63
-1730481963.66, 0.63
-1730481963.56, 0.64
-1730481963.46, 0.64
-1730481963.36, 0.64
-1730481963.26, 0.63
-1730481963.16, 0.62
-1730481963.06, 0.62
-1730481962.95, 0.62
-1730481962.85, 0.62
-1730481962.75, 0.62
-1730481962.65, 0.61
-1730481962.55, 0.62
-1730481962.44, 0.63
-1730481962.35, 0.63
-1730481962.25, 0.63
-1730481962.14, 0.63
-1730481962.04, 0.63
-1730481961.94, 0.63
-1730481961.84, 0.63
-1730481961.73, 0.62
-1730481961.63, 0.62
-1730481961.53, 0.62
-1730481961.43, 0.61
-1730481961.33, 0.62
-1730481961.23, 0.61
-1730481961.13, 0.62
-1730481961.03, 0.62
-1730481960.93, 0.62
-1730481960.81, 0.63
-1730481960.73, 0.64
-1730481960.62, 0.63
-1730481960.52, 0.63
-1730481960.42, 0.63
-1730481960.32, 0.62
-1730481960.22, 0.62
-1730481960.11, 0.61
-1730481960.01, 0.61
-1730481959.91, 0.61
-1730481959.81, 0.62
-1730481959.70, 0.62
-1730481959.60, 0.61
-1730481959.51, 0.62
-1730481959.40, 0.63
-1730481959.30, 0.63
-1730481959.19, 0.63
-1730481959.10, 0.63
-1730481959.00, 0.62
-1730481958.90, 0.62
-1730481958.79, 0.61
-1730481958.70, 0.61
-1730481958.60, 0.61
-1730481958.49, 0.61
-1730481958.39, 0.61
-1730481958.29, 0.61
-1730481958.19, 0.61
-1730481958.09, 0.62
-1730481957.99, 0.62
-1730481957.88, 0.63
-1730481957.78, 0.63
-1730481957.68, 0.63
-1730481957.58, 0.63
-1730481957.48, 0.62
-1730481957.38, 0.61
-1730481957.28, 0.61
-1730481957.17, 0.61
-1730481957.07, 0.61
-1730481956.97, 0.61
-1730481956.87, 0.61
-1730481956.77, 0.61
-1730481956.67, 0.62
-1730481956.57, 0.62
-1730481956.46, 0.62
-1730481956.37, 0.63
-1730481956.26, 0.62
-1730481956.16, 0.62
-1730481956.06, 0.61
-1730481955.96, 0.61
-1730481955.86, 0.61
-1730481955.76, 0.61
-1730481955.65, 0.61
-1730481955.55, 0.61
-1730481955.45, 0.61
-1730481955.35, 0.61
-1730481955.25, 0.62
-1730481955.15, 0.62
-1730481955.04, 0.62
-1730481954.95, 0.62
-1730481954.84, 0.62
-1730481954.74, 0.62
-1730481954.64, 0.61
-1730481954.54, 0.61
-1730481954.44, 0.61
-1730481954.34, 0.60
-1730481954.24, 0.60
-1730481954.14, 0.61
-1730481954.03, 0.60
-1730481953.93, 0.61
-1730481953.83, 0.61
-1730481953.73, 0.61
-1730481953.63, 0.62
-1730481953.53, 0.62
-1730481953.43, 0.62
-1730481953.32, 0.61
-1730481953.22, 0.61
-1730481953.12, 0.61
-1730481953.02, 0.60
-1730481952.92, 0.60
-1730481952.82, 0.60
-1730481952.72, 0.60
-1730481952.61, 0.60
-1730481952.51, 0.61
-1730481952.41, 0.61
-1730481952.31, 0.62
-1730481952.20, 0.62
-1730481952.10, 0.62
-1730481952.00, 0.62
-1730481951.90, 0.61
-1730481951.80, 0.61
-1730481951.66, 0.61
-1730481951.59, 0.60
-1730481951.50, 0.60
-1730481951.39, 0.60
-1730481951.30, 0.60
-1730481951.20, 0.60
-1730481951.09, 0.61
-1730481950.99, 0.60
-1730481950.89, 0.61
-1730481950.79, 0.61
-1730481950.69, 0.61
-1730481950.58, 0.61
-1730481950.48, 0.61
-1730481950.38, 0.61
-1730481950.29, 0.60
-1730481950.18, 0.60
-1730481950.08, 0.60
-1730481949.97, 0.60
-1730481949.87, 0.59
-1730481949.77, 0.60
-1730481949.68, 0.60
-1730481949.57, 0.60
-1730481949.48, 0.61
-1730481949.37, 0.61
-1730481949.27, 0.61
-1730481949.17, 0.61
-1730481949.07, 0.61
-1730481948.96, 0.60
-1730481948.86, 0.60
-1730481948.76, 0.60
-1730481948.66, 0.59
-1730481948.56, 0.59
-1730481948.46, 0.60
-1730481948.35, 0.60
-1730481948.25, 0.60
-1730481948.15, 0.60
-1730481948.06, 0.60
-1730481947.95, 0.61
-1730481947.85, 0.61
-1730481947.75, 0.61
-1730481947.65, 0.61
-1730481947.55, 0.61
-1730481947.44, 0.60
-1730481947.34, 0.59
-1730481947.25, 0.60
-1730481947.15, 0.59
-1730481947.04, 0.59
-1730481946.94, 0.59
-1730481946.84, 0.59
-1730481946.74, 0.60
-1730481946.64, 0.60
-1730481946.54, 0.60
-1730481946.43, 0.61
-1730481946.34, 0.60
-1730481946.23, 0.60
-1730481946.13, 0.60
-1730481946.03, 0.59
-1730481945.93, 0.60
-1730481945.82, 0.59
-1730481945.73, 0.59
-1730481945.62, 0.59
-1730481945.52, 0.59
-1730481945.42, 0.59
-1730481945.32, 0.60
-1730481945.22, 0.60
-1730481945.12, 0.60
-1730481945.01, 0.61
-1730481944.91, 0.60
-1730481944.81, 0.60
-1730481944.71, 0.60
-1730481944.61, 0.60
-1730481944.51, 0.59
-1730481944.41, 0.59
-1730481944.31, 0.59
-1730481944.20, 0.58
-1730481944.10, 0.59
-1730481944.00, 0.59
-1730481943.90, 0.59
-1730481943.80, 0.59
-1730481943.70, 0.60
-1730481943.60, 0.60
-1730481943.49, 0.60
-1730481943.39, 0.61
-1730481943.29, 0.60
-1730481943.18, 0.59
-1730481943.09, 0.59
-1730481942.99, 0.59
-1730481942.88, 0.58
-1730481942.79, 0.58
-1730481942.68, 0.58
-1730481942.59, 0.58
-1730481942.48, 0.59
-1730481942.37, 0.59
-1730481942.28, 0.60
-1730481942.18, 0.60
-1730481942.07, 0.60
-1730481941.98, 0.60
-1730481941.87, 0.59
-1730481941.77, 0.59
-1730481941.67, 0.59
-1730481941.57, 0.59
-1730481941.46, 0.58
-1730481941.37, 0.58
-1730481941.27, 0.58
-1730481941.17, 0.58
-1730481941.06, 0.58
-1730481940.96, 0.58
-1730481940.86, 0.59
-1730481940.76, 0.60
-1730481940.66, 0.60
-1730481940.56, 0.59
-1730481940.45, 0.59
-1730481940.35, 0.59
-1730481940.25, 0.58
-1730481940.15, 0.58
-1730481940.04, 0.58
-1730481939.95, 0.58
-1730481939.85, 0.58
-1730481939.74, 0.58
-1730481939.64, 0.58
-1730481939.55, 0.59
-1730481939.44, 0.59
-1730481939.34, 0.59
-1730481939.23, 0.59
-1730481939.14, 0.59
-1730481939.03, 0.59
-1730481938.93, 0.58
-1730481938.83, 0.58
-1730481938.73, 0.58
-1730481938.63, 0.58
-1730481938.53, 0.57
-1730481938.43, 0.58
-1730481938.32, 0.58
-1730481938.22, 0.58
-1730481938.12, 0.58
-1730481938.01, 0.58
-1730481937.92, 0.59
-1730481937.82, 0.59
-1730481937.71, 0.59
-1730481937.62, 0.59
-1730481937.51, 0.59
-1730481937.42, 0.58
-1730481937.31, 0.57
-1730481937.21, 0.57
-1730481937.11, 0.57
-1730481937.01, 0.57
-1730481936.90, 0.57
-1730481936.80, 0.58
-1730481936.70, 0.57
-1730481936.60, 0.59
-1730481936.50, 0.59
-1730481936.40, 0.59
-1730481936.30, 0.59
-1730481936.20, 0.59
-1730481936.09, 0.59
-1730481935.99, 0.58
-1730481935.89, 0.57
-1730481935.80, 0.57
-1730481935.69, 0.57
-1730481935.59, 0.57
-1730481935.48, 0.57
-1730481935.39, 0.57
-1730481935.29, 0.57
-1730481935.19, 0.58
-1730481935.08, 0.58
-1730481934.98, 0.59
-1730481934.88, 0.59
-1730481934.77, 0.58
-1730481934.68, 0.58
-1730481934.58, 0.58
-1730481934.47, 0.57
-1730481934.38, 0.57
-1730481934.27, 0.57
-1730481934.17, 0.57
-1730481934.07, 0.57
-1730481933.97, 0.56
-1730481933.87, 0.57
-1730481933.76, 0.57
-1730481933.66, 0.58
-1730481933.57, 0.59
-1730481933.46, 0.59
-1730481933.36, 0.59
-1730481933.26, 0.58
-1730481933.15, 0.58
-1730481933.06, 0.57
-1730481932.95, 0.56
-1730481932.84, 0.57
-1730481932.74, 0.56
-1730481932.65, 0.57
-1730481932.55, 0.56
-1730481932.44, 0.57
-1730481932.35, 0.57
-1730481932.25, 0.58
-1730481932.14, 0.58
-1730481932.04, 0.58
-1730481931.94, 0.58
-1730481931.84, 0.58
-1730481931.73, 0.57
-1730481931.63, 0.57
-1730481931.53, 0.56
-1730481931.44, 0.56
-1730481931.33, 0.56
-1730481931.24, 0.56
-1730481931.13, 0.56
-1730481931.03, 0.57
-1730481930.93, 0.57
-1730481930.83, 0.57
-1730481930.73, 0.58
-1730481930.62, 0.58
-1730481930.52, 0.59
-1730481930.42, 0.58
-1730481930.32, 0.57
-1730481930.22, 0.57
-1730481930.12, 0.55
-1730481930.02, 0.56
-1730481929.91, 0.56
-1730481929.81, 0.56
-1730481929.71, 0.56
-1730481929.61, 0.56
-1730481929.51, 0.57
-1730481929.41, 0.57
-1730481929.31, 0.57
-1730481929.20, 0.58
-1730481929.11, 0.58
-1730481929.01, 0.58
-1730481928.90, 0.57
-1730481928.79, 0.57
-1730481928.70, 0.57
-1730481928.60, 0.56
-1730481928.49, 0.56
-1730481928.39, 0.56
-1730481928.30, 0.56
-1730481928.19, 0.56
-1730481928.09, 0.56
-1730481927.99, 0.56
-1730481927.88, 0.57
-1730481927.79, 0.58
-1730481927.69, 0.57
-1730481927.58, 0.57
-1730481927.48, 0.56
-1730481927.38, 0.56
-1730481927.28, 0.56
-1730481927.18, 0.55
-1730481927.08, 0.56
-1730481926.98, 0.56
-1730481926.88, 0.56
-1730481926.77, 0.56
-1730481926.67, 0.56
-1730481926.57, 0.57
-1730481926.47, 0.57
-1730481926.36, 0.57
-1730481926.26, 0.57
-1730481926.17, 0.57
-1730481926.06, 0.57
-1730481925.97, 0.56
-1730481925.86, 0.56
-1730481925.76, 0.56
-1730481925.66, 0.55
-1730481925.56, 0.55
-1730481925.46, 0.56
-1730481925.35, 0.56
-1730481925.25, 0.55
-1730481925.15, 0.56
-1730481925.05, 0.57
-1730481924.95, 0.57
-1730481924.84, 0.57
-1730481924.74, 0.57
-1730481924.64, 0.57
-1730481924.54, 0.56
-1730481924.44, 0.55
-1730481924.34, 0.55
-1730481924.24, 0.55
-1730481924.13, 0.55
-1730481924.03, 0.55
-1730481923.94, 0.55
-1730481923.83, 0.56
-1730481923.73, 0.56
-1730481923.63, 0.56
-1730481923.53, 0.57
-1730481923.43, 0.57
-1730481923.33, 0.57
-1730481923.23, 0.56
-1730481923.12, 0.56
-1730481923.02, 0.55
-1730481922.92, 0.55
-1730481922.82, 0.55
-1730481922.72, 0.55
-1730481922.62, 0.55
-1730481922.52, 0.55
-1730481922.41, 0.55
-1730481922.32, 0.55
-1730481922.22, 0.56
-1730481922.11, 0.57
-1730481922.01, 0.57
-1730481921.91, 0.56
-1730481921.80, 0.56
-1730481921.70, 0.56
-1730481921.60, 0.55
-1730481921.50, 0.55
-1730481921.40, 0.55
-1730481921.30, 0.55
-1730481921.19, 0.55
-1730481921.09, 0.55
-1730481920.99, 0.55
-1730481920.90, 0.55
-1730481920.80, 0.56
-1730481920.69, 0.56
-1730481920.59, 0.57
-1730481920.49, 0.56
-1730481920.38, 0.56
-1730481920.29, 0.56
-1730481920.19, 0.55
-1730481920.09, 0.55
-1730481919.99, 0.55
-1730481919.88, 0.55
-1730481919.78, 0.54
-1730481919.67, 0.54
-1730481919.57, 0.56
-1730481919.47, 0.54
-1730481919.38, 0.55
-1730481919.27, 0.56
-1730481919.18, 0.56
-1730481919.07, 0.57
-1730481918.97, 0.56
-1730481918.87, 0.55
-1730481918.77, 0.55
-1730481918.66, 0.54
-1730481918.57, 0.55
-1730481918.46, 0.54
-1730481918.36, 0.54
-1730481918.26, 0.54
-1730481918.16, 0.54
-1730481918.06, 0.54
-1730481917.95, 0.55
-1730481917.86, 0.55
-1730481917.76, 0.56
-1730481917.65, 0.56
-1730481917.55, 0.56
-1730481917.45, 0.56
-1730481917.34, 0.55
-1730481917.24, 0.54
-1730481917.14, 0.54
-1730481917.04, 0.54
-1730481916.94, 0.54
-1730481916.84, 0.54
-1730481916.73, 0.54
-1730481916.64, 0.55
-1730481916.53, 0.55
-1730481916.44, 0.55
-1730481916.33, 0.55
-1730481916.24, 0.56
-1730481916.14, 0.56
-1730481916.03, 0.55
-1730481915.93, 0.55
-1730481915.82, 0.54
-1730481915.72, 0.54
-1730481915.63, 0.54
-1730481915.53, 0.54
-1730481915.42, 0.54
-1730481915.32, 0.54
-1730481915.22, 0.54
-1730481915.11, 0.54
-1730481915.02, 0.55
-1730481914.91, 0.55
-1730481914.82, 0.55
-1730481914.71, 0.56
-1730481914.61, 0.55
-1730481914.49, 0.55
-1730481914.41, 0.54
-1730481914.31, 0.54
-1730481914.21, 0.53
-1730481914.11, 0.54
-1730481914.01, 0.54
-1730481913.90, 0.53
-1730481913.80, 0.53
-1730481913.70, 0.54
-1730481913.60, 0.55
-1730481913.49, 0.55
-1730481913.39, 0.55
-1730481913.29, 0.55
-1730481913.19, 0.56
-1730481913.09, 0.55
-1730481912.99, 0.54
-1730481912.89, 0.54
-1730481912.78, 0.53
-1730481912.68, 0.54
-1730481912.58, 0.53
-1730481912.48, 0.53
-1730481912.38, 0.53
-1730481912.28, 0.54
-1730481912.18, 0.54
-1730481912.08, 0.54
-1730481911.98, 0.55
-1730481911.87, 0.55
-1730481911.77, 0.55
-1730481911.67, 0.55
-1730481911.57, 0.54
-1730481911.47, 0.54
-1730481911.37, 0.54
-1730481911.27, 0.53
-1730481911.17, 0.53
-1730481911.06, 0.53
-1730481910.96, 0.53
-1730481910.86, 0.53
-1730481910.76, 0.53
-1730481910.66, 0.54
-1730481910.56, 0.54
-1730481910.46, 0.55
-1730481910.36, 0.54
-1730481910.25, 0.55
-1730481910.15, 0.55
-1730481910.05, 0.54
-1730481909.94, 0.54
-1730481909.85, 0.53
-1730481909.75, 0.53
-1730481909.64, 0.52
-1730481909.54, 0.53
-1730481909.44, 0.53
-1730481909.34, 0.53
-1730481909.24, 0.53
-1730481909.14, 0.53
-1730481909.04, 0.54
-1730481908.93, 0.55
-1730481908.84, 0.55
-1730481908.73, 0.55
-1730481908.63, 0.54
-1730481908.53, 0.54
-1730481908.43, 0.53
-1730481908.33, 0.53
-1730481908.23, 0.53
-1730481908.13, 0.53
-1730481908.02, 0.53
-1730481907.92, 0.53
-1730481907.82, 0.53
-1730481907.72, 0.53
-1730481907.62, 0.54
-1730481907.52, 0.54
-1730481907.42, 0.55
-1730481907.31, 0.54
-1730481907.22, 0.55
-1730481907.12, 0.54
-1730481907.01, 0.53
-1730481906.91, 0.53
-1730481906.81, 0.53
-1730481906.70, 0.52
-1730481906.61, 0.52
-1730481906.51, 0.53
-1730481906.40, 0.53
-1730481906.29, 0.53
-1730481906.20, 0.53
-1730481906.10, 0.53
-1730481906.00, 0.54
-1730481905.90, 0.54
-1730481905.79, 0.54
-1730481905.69, 0.53
-1730481905.60, 0.54
-1730481905.49, 0.53
-1730481905.39, 0.52
-1730481905.28, 0.53
-1730481905.18, 0.52
-1730481905.07, 0.53
-1730481904.98, 0.52
-1730481904.88, 0.52
-1730481904.78, 0.53
-1730481904.68, 0.53
-1730481904.58, 0.54
-1730481904.48, 0.54
-1730481904.38, 0.54
-1730481904.27, 0.54
-1730481904.18, 0.54
-1730481904.06, 0.53
-1730481903.97, 0.53
-1730481903.87, 0.52
-1730481903.77, 0.52
-1730481903.66, 0.52
-1730481903.57, 0.52
-1730481903.46, 0.52
-1730481903.36, 0.53
-1730481903.26, 0.53
-1730481903.16, 0.53
-1730481903.06, 0.54
-1730481902.96, 0.54
-1730481902.86, 0.54
-1730481902.75, 0.54
-1730481902.65, 0.53
-1730481902.55, 0.53
-1730481902.45, 0.52
-1730481902.35, 0.52
-1730481902.25, 0.52
-1730481902.14, 0.51
-1730481902.04, 0.52
-1730481901.95, 0.52
-1730481901.84, 0.52
-1730481901.74, 0.53
-1730481901.64, 0.53
-1730481901.54, 0.54
-1730481901.43, 0.54
-1730481901.33, 0.53
-1730481901.23, 0.53
-1730481901.14, 0.53
-1730481901.03, 0.52
-1730481900.93, 0.52
-1730481900.83, 0.52
-1730481900.73, 0.52
-1730481900.62, 0.52
-1730481900.52, 0.52
-1730481900.42, 0.52
-1730481900.32, 0.52
-1730481900.22, 0.53
-1730481900.12, 0.53
-1730481900.02, 0.53
-1730481899.92, 0.54
-1730481899.82, 0.54
-1730481899.71, 0.53
-1730481899.61, 0.53
-1730481899.51, 0.53
-1730481899.41, 0.52
-1730481899.30, 0.52
-1730481899.21, 0.52
-1730481899.10, 0.51
-1730481899.01, 0.52
-1730481898.90, 0.52
-1730481898.80, 0.52
-1730481898.70, 0.52
-1730481898.59, 0.53
-1730481898.49, 0.54
-1730481898.40, 0.53
-1730481898.29, 0.53
-1730481898.19, 0.53
-1730481898.09, 0.52
-1730481897.99, 0.52
-1730481897.89, 0.52
-1730481897.79, 0.52
-1730481897.68, 0.52
-1730481897.58, 0.52
-1730481897.48, 0.52
-1730481897.38, 0.52
-1730481897.28, 0.52
-1730481897.17, 0.52
-1730481897.08, 0.53
-1730481896.97, 0.53
-1730481896.87, 0.53
-1730481896.77, 0.53
-1730481896.67, 0.53
-1730481896.58, 0.53
-1730481896.47, 0.52
-1730481896.37, 0.51
-1730481896.26, 0.51
-1730481896.15, 0.51
-1730481896.06, 0.51
-1730481895.96, 0.51
-1730481895.86, 0.52
-1730481895.76, 0.52
-1730481895.66, 0.52
-1730481895.56, 0.53
-1730481895.46, 0.53
-1730481895.36, 0.53
-1730481895.25, 0.53
-1730481895.15, 0.52
-1730481895.05, 0.52
-1730481894.94, 0.52
-1730481894.85, 0.52
-1730481894.75, 0.51
-1730481894.65, 0.51
-1730481894.54, 0.52
-1730481894.44, 0.51
-1730481894.34, 0.52
-1730481894.24, 0.52
-1730481894.14, 0.52
-1730481894.04, 0.52
-1730481893.94, 0.53
-1730481893.83, 0.53
-1730481893.73, 0.53
-1730481893.63, 0.52
-1730481893.53, 0.52
-1730481893.43, 0.52
-1730481893.33, 0.51
-1730481893.22, 0.51
-1730481893.13, 0.51
-1730481893.02, 0.51
-1730481892.93, 0.51
-1730481892.82, 0.51
-1730481892.72, 0.52
-1730481892.62, 0.53
-1730481892.52, 0.52
-1730481892.42, 0.53
-1730481892.32, 0.53
-1730481892.22, 0.52
-1730481892.11, 0.52
-1730481892.01, 0.51
-1730481891.91, 0.51
-1730481891.81, 0.51
-1730481891.70, 0.51
-1730481891.61, 0.51
-1730481891.50, 0.51
-1730481891.41, 0.51
-1730481891.30, 0.51
-1730481891.20, 0.52
-1730481891.10, 0.53
-1730481891.00, 0.52
-1730481890.90, 0.53
-1730481890.80, 0.53
-1730481890.69, 0.52
-1730481890.59, 0.52
-1730481890.49, 0.51
-1730481890.39, 0.51
-1730481890.29, 0.51
-1730481890.18, 0.51
-1730481890.09, 0.51
-1730481889.98, 0.51
-1730481889.89, 0.51
-1730481889.78, 0.51
-1730481889.68, 0.51
-1730481889.58, 0.52
-1730481889.48, 0.52
-1730481889.38, 0.52
-1730481889.28, 0.52
-1730481889.18, 0.52
-1730481889.08, 0.52
-1730481888.97, 0.51
-1730481888.87, 0.51
-1730481888.76, 0.51
-1730481888.67, 0.50
-1730481888.56, 0.51
-1730481888.46, 0.51
-1730481888.36, 0.51
-1730481888.26, 0.52
-1730481888.16, 0.52
-1730481888.06, 0.52
-1730481887.96, 0.52
-1730481887.86, 0.53
-1730481887.76, 0.52
-1730481887.65, 0.51
-1730481887.56, 0.52
-1730481887.45, 0.50
-1730481887.34, 0.51
-1730481887.25, 0.51
-1730481887.15, 0.50
-1730481887.05, 0.50
-1730481886.94, 0.51
-1730481886.85, 0.51
-1730481886.74, 0.51
-1730481886.64, 0.51
-1730481886.54, 0.52
-1730481886.44, 0.52
-1730481886.34, 0.52
-1730481886.23, 0.51
-1730481886.13, 0.51
-1730481886.03, 0.51
-1730481885.93, 0.50
-1730481885.83, 0.50
-1730481885.73, 0.50
-1730481885.63, 0.50
-1730481885.53, 0.51
-1730481885.42, 0.51
-1730481885.31, 0.51
-1730481885.22, 0.52
-1730481885.12, 0.51
-1730481885.02, 0.52
-1730481884.92, 0.52
-1730481884.81, 0.51
-1730481884.72, 0.51
-1730481884.62, 0.51
-1730481884.51, 0.50
-1730481884.41, 0.50
-1730481884.31, 0.50
-1730481884.21, 0.50
-1730481884.11, 0.50
-1730481884.01, 0.51
-1730481883.90, 0.51
-1730481883.80, 0.51
-1730481883.70, 0.51
-1730481883.60, 0.52
-1730481883.50, 0.52
-1730481883.40, 0.51
-1730481883.29, 0.51
-1730481883.20, 0.51
-1730481883.09, 0.50
-1730481882.99, 0.50
-1730481882.89, 0.50
-1730481882.79, 0.50
-1730481882.69, 0.50
-1730481882.59, 0.50
-1730481882.49, 0.51
-1730481882.38, 0.51
-1730481882.28, 0.51
-1730481882.18, 0.51
-1730481882.08, 0.51
-1730481881.98, 0.52
-1730481881.87, 0.51
-1730481881.78, 0.51
-1730481881.67, 0.50
-1730481881.57, 0.50
-1730481881.47, 0.50
-1730481881.37, 0.50
-1730481881.27, 0.50
-1730481881.17, 0.49
-1730481881.07, 0.50
-1730481880.97, 0.50
-1730481880.86, 0.51
-1730481880.76, 0.52
-1730481880.66, 0.51
-1730481880.56, 0.51
-1730481880.46, 0.52
-1730481880.36, 0.51
-1730481880.25, 0.50
-1730481880.16, 0.50
-1730481880.05, 0.50
-1730481879.95, 0.50
-1730481879.85, 0.50
-1730481879.74, 0.49
-1730481879.64, 0.50
-1730481879.54, 0.50
-1730481879.45, 0.50
-1730481879.34, 0.51
-1730481879.24, 0.51
-1730481879.14, 0.51
-1730481879.03, 0.51
-1730481878.94, 0.50
-1730481878.83, 0.50
-1730481878.73, 0.50
-1730481878.63, 0.49
-1730481878.53, 0.50
-1730481878.43, 0.50
-1730481878.33, 0.49
-1730481878.23, 0.49
-1730481878.13, 0.50
-1730481878.03, 0.50
-1730481877.92, 0.51
-1730481877.82, 0.51
-1730481877.73, 0.51
-1730481877.62, 0.51
-1730481877.52, 0.51
-1730481877.40, 0.50
-1730481877.31, 0.50
-1730481877.22, 0.49
-1730481877.11, 0.50
-1730481877.01, 0.49
-1730481876.92, 0.49
-1730481876.81, 0.49
-1730481876.71, 0.50
-1730481876.61, 0.50
-1730481876.51, 0.50
-1730481876.41, 0.51
-1730481876.30, 0.51
-1730481876.21, 0.51
-1730481876.10, 0.51
-1730481876.00, 0.50
-1730481875.90, 0.50
-1730481875.80, 0.50
-1730481875.70, 0.49
-1730481875.60, 0.49
-1730481875.49, 0.49
-1730481875.39, 0.49
-1730481875.29, 0.49
-1730481875.19, 0.50
-1730481875.09, 0.50
-1730481874.98, 0.51
-1730481874.88, 0.51
-1730481874.78, 0.51
-1730481874.67, 0.51
-1730481874.58, 0.50
-1730481874.48, 0.50
-1730481874.37, 0.49
-1730481874.27, 0.49
-1730481874.18, 0.49
-1730481874.07, 0.49
-1730481873.97, 0.49
-1730481873.87, 0.49
-1730481873.77, 0.50
-1730481873.67, 0.49
-1730481873.56, 0.51
-1730481873.46, 0.50
-1730481873.36, 0.51
-1730481873.27, 0.50
-1730481873.16, 0.50
-1730481873.06, 0.50
-1730481872.96, 0.49
-1730481872.86, 0.49
-1730481872.76, 0.48
-1730481872.66, 0.49
-1730481872.56, 0.49
-1730481872.45, 0.48
-1730481872.35, 0.50
-1730481872.25, 0.50
-1730481872.15, 0.50
-1730481872.05, 0.51
-1730481871.94, 0.51
-1730481871.85, 0.51
-1730481871.74, 0.50
-1730481871.64, 0.50
-1730481871.54, 0.49
-1730481871.44, 0.49
-1730481871.34, 0.49
-1730481871.24, 0.49
-1730481871.14, 0.49
-1730481871.03, 0.49
-1730481870.93, 0.50
-1730481870.83, 0.49
-1730481870.73, 0.50
-1730481870.63, 0.51
-1730481870.53, 0.51
-1730481870.43, 0.51
-1730481870.33, 0.50
-1730481870.22, 0.50
-1730481870.12, 0.49
-1730481870.02, 0.48
-1730481869.92, 0.49
-1730481869.81, 0.48
-1730481869.72, 0.49
-1730481869.61, 0.49
-1730481869.51, 0.49
-1730481869.41, 0.50
-1730481869.31, 0.50
-1730481869.21, 0.50
-1730481869.11, 0.50
-1730481869.01, 0.50
-1730481868.91, 0.50
-1730481868.81, 0.50
-1730481868.70, 0.49
-1730481868.60, 0.48
-1730481868.50, 0.49
-1730481868.40, 0.49
-1730481868.30, 0.48
-1730481868.19, 0.49
-1730481868.09, 0.48
-1730481867.99, 0.49
-1730481867.87, 0.50
-1730481867.79, 0.50
-1730481867.69, 0.50
-1730481867.59, 0.51
-1730481867.48, 0.50
-1730481867.38, 0.49
-1730481867.29, 0.50
-1730481867.19, 0.48
-1730481867.08, 0.49
-1730481866.98, 0.49
-1730481866.88, 0.48
-1730481866.77, 0.48
-1730481866.68, 0.49
-1730481866.58, 0.49
-1730481866.47, 0.49
-1730481866.37, 0.50
-1730481866.27, 0.50
-1730481866.17, 0.50
-1730481866.07, 0.50
-1730481865.97, 0.49
-1730481865.86, 0.49
-1730481865.76, 0.49
-1730481865.66, 0.48
-1730481865.56, 0.48
-1730481865.46, 0.49
-1730481865.36, 0.48
-1730481865.26, 0.48
-1730481865.16, 0.49
-1730481865.06, 0.49
-1730481864.95, 0.50
-1730481864.86, 0.50
-1730481864.75, 0.50
-1730481864.65, 0.50
-1730481864.55, 0.49
-1730481864.45, 0.49
-1730481864.34, 0.48
-1730481864.24, 0.48
-1730481864.14, 0.48
-1730481864.04, 0.48
-1730481863.94, 0.48
-1730481863.84, 0.49
-1730481863.74, 0.49
-1730481863.64, 0.49
-1730481863.54, 0.50
-1730481863.44, 0.50
-1730481863.33, 0.50
-1730481863.23, 0.49
-1730481863.13, 0.49
-1730481863.03, 0.49
-1730481862.92, 0.47
-1730481862.83, 0.48
-1730481862.73, 0.48
-1730481862.62, 0.48
-1730481862.52, 0.48
-1730481862.42, 0.48
-1730481862.32, 0.49
-1730481862.22, 0.49
-1730481862.12, 0.49
-1730481862.01, 0.50
-1730481861.91, 0.50
-1730481861.82, 0.50
-1730481861.71, 0.49
-1730481861.61, 0.48
-1730481861.51, 0.48
-1730481861.41, 0.48
-1730481861.31, 0.48
-1730481861.20, 0.48
-1730481861.10, 0.48
-1730481861.00, 0.48
-1730481860.90, 0.48
-1730481860.80, 0.49
-1730481860.69, 0.49
-1730481860.59, 0.50
-1730481860.50, 0.50
-1730481860.39, 0.50
-1730481860.29, 0.49
-1730481860.19, 0.48
-1730481860.09, 0.48
-1730481859.99, 0.47
-1730481859.89, 0.48
-1730481859.79, 0.48
-1730481859.69, 0.48
-1730481859.58, 0.48
-1730481859.48, 0.48
-1730481859.38, 0.49
-1730481859.28, 0.49
-1730481859.18, 0.49
-1730481859.06, 0.50
-1730481858.97, 0.49
-1730481858.87, 0.49
-1730481858.77, 0.49
-1730481858.67, 0.48
-1730481858.57, 0.47
-1730481858.47, 0.48
-1730481858.36, 0.48
-1730481858.27, 0.47
-1730481858.16, 0.48
-1730481858.07, 0.48
-1730481857.96, 0.48
-1730481857.86, 0.49
-1730481857.76, 0.50
-1730481857.66, 0.49
-1730481857.56, 0.49
-1730481857.46, 0.49
-1730481857.35, 0.49
-1730481857.25, 0.48
-1730481857.15, 0.48
-1730481857.05, 0.47
-1730481856.94, 0.47
-1730481856.85, 0.48
-1730481856.75, 0.48
-1730481856.65, 0.48
-1730481856.54, 0.48
-1730481856.44, 0.49
-1730481856.34, 0.49
-1730481856.24, 0.49
-1730481856.14, 0.49
-1730481856.04, 0.49
-1730481855.94, 0.48
-1730481855.84, 0.48
-1730481855.73, 0.47
-1730481855.63, 0.47
-1730481855.53, 0.47
-1730481855.43, 0.48
-1730481855.33, 0.48
-1730481855.23, 0.48
-1730481855.12, 0.48
-1730481855.03, 0.49
-1730481854.93, 0.49
-1730481854.82, 0.49
-1730481854.72, 0.49
-1730481854.61, 0.48
-1730481854.51, 0.48
-1730481854.42, 0.48
-1730481854.31, 0.48
-1730481854.22, 0.47
-1730481854.11, 0.47
-1730481854.01, 0.47
-1730481853.91, 0.47
-1730481853.81, 0.47
-1730481853.70, 0.48
-1730481853.60, 0.48
-1730481853.51, 0.49
-1730481853.40, 0.49
-1730481853.30, 0.49
-1730481853.20, 0.49
-1730481853.10, 0.49
-1730481853.00, 0.48
-1730481852.89, 0.47
-1730481852.79, 0.47
-1730481852.70, 0.47
-1730481852.59, 0.47
-1730481852.49, 0.47
-1730481852.39, 0.48
-1730481852.29, 0.48
-1730481852.19, 0.48
-1730481852.07, 0.48
-1730481851.98, 0.49
-1730481851.88, 0.49
-1730481851.78, 0.49
-1730481851.68, 0.48
-1730481851.57, 0.48
-1730481851.48, 0.48
-1730481851.38, 0.47
-1730481851.28, 0.47
-1730481851.17, 0.47
-1730481851.07, 0.47
-1730481850.97, 0.47
-1730481850.87, 0.47
-1730481850.76, 0.48
-1730481850.67, 0.49
-1730481850.57, 0.49
-1730481850.46, 0.48
-1730481850.36, 0.49
-1730481850.26, 0.48
-1730481850.16, 0.48
-1730481850.05, 0.47
-1730481849.95, 0.47
-1730481849.85, 0.47
-1730481849.76, 0.47
-1730481849.66, 0.47
-1730481849.55, 0.47
-1730481849.45, 0.47
-1730481849.35, 0.48
-1730481849.24, 0.48
-1730481849.15, 0.49
-1730481849.05, 0.49
-1730481848.95, 0.49
-1730481848.85, 0.48
-1730481848.74, 0.48
-1730481848.64, 0.47
-1730481848.54, 0.48
-1730481848.44, 0.47
-1730481848.34, 0.47
-1730481848.23, 0.47
-1730481848.14, 0.47
-1730481848.03, 0.48
-1730481847.93, 0.47
-1730481847.83, 0.48
-1730481847.73, 0.48
-1730481847.63, 0.49
-1730481847.53, 0.49
-1730481847.43, 0.48
-1730481847.32, 0.48
-1730481847.22, 0.47
-1730481847.13, 0.47
-1730481847.02, 0.47
-1730481846.92, 0.47
-1730481846.82, 0.47
-1730481846.71, 0.47
-1730481846.62, 0.47
-1730481846.52, 0.47
-1730481846.41, 0.48
-1730481846.31, 0.48
-1730481846.21, 0.49
-1730481846.10, 0.48
-1730481846.01, 0.48
-1730481845.91, 0.48
-1730481845.80, 0.48
-1730481845.70, 0.48
-1730481845.61, 0.47
-1730481845.50, 0.46
-1730481845.40, 0.47
-1730481845.30, 0.47
-1730481845.19, 0.47
-1730481845.09, 0.48
-1730481844.99, 0.47
-1730481844.90, 0.48
-1730481844.78, 0.48
-1730481844.69, 0.49
-1730481844.59, 0.48
-1730481844.49, 0.48
-1730481844.38, 0.47
-1730481844.29, 0.47
-1730481844.19, 0.47
-1730481844.08, 0.47
-1730481843.98, 0.46
-1730481843.88, 0.46
-1730481843.78, 0.46
-1730481843.67, 0.47
-1730481843.58, 0.47
-1730481843.47, 0.48
-1730481843.37, 0.48
-1730481843.27, 0.48
-1730481843.17, 0.48
-1730481843.07, 0.48
-1730481842.97, 0.48
-1730481842.87, 0.48
-1730481842.76, 0.47
-1730481842.66, 0.46
-1730481842.57, 0.47
-1730481842.46, 0.46
-1730481842.36, 0.46
-1730481842.26, 0.47
-1730481842.15, 0.47
-1730481842.05, 0.47
-1730481841.95, 0.48
-1730481841.81, 0.48
-1730481841.76, 0.48
-1730481841.65, 0.48
-1730481841.55, 0.48
-1730481841.45, 0.48
-1730481841.35, 0.47
-1730481841.24, 0.47
-1730481841.14, 0.46
-1730481841.04, 0.46
-1730481840.94, 0.46
-1730481840.84, 0.47
-1730481840.74, 0.47
-1730481840.63, 0.47
-1730481840.53, 0.47
-1730481840.44, 0.48
-1730481840.34, 0.48
-1730481840.23, 0.48
-1730481840.13, 0.48
-1730481840.03, 0.47
-1730481839.93, 0.47
-1730481839.82, 0.47
-1730481839.72, 0.47
-1730481839.63, 0.46
-1730481839.53, 0.46
-1730481839.42, 0.46
-1730481839.32, 0.46
-1730481839.22, 0.47
-1730481839.12, 0.46
-1730481839.02, 0.48
-1730481838.92, 0.48
-1730481838.82, 0.47
-1730481838.71, 0.48
-1730481838.62, 0.47
-1730481838.51, 0.48
-1730481838.41, 0.47
-1730481838.31, 0.46
-1730481838.20, 0.46
-1730481838.11, 0.46
-1730481838.00, 0.46
-1730481837.90, 0.46
-1730481837.80, 0.46
-1730481837.70, 0.47
-1730481837.60, 0.47
-1730481837.50, 0.48
-1730481837.40, 0.48
-1730481837.29, 0.48
-1730481837.19, 0.48
-1730481837.09, 0.47
-1730481836.99, 0.47
-1730481836.89, 0.46
-1730481836.78, 0.46
-1730481836.69, 0.46
-1730481836.58, 0.46
-1730481836.48, 0.46
-1730481836.38, 0.45
-1730481836.26, 0.46
-1730481836.19, 0.47
-1730481836.08, 0.47
-1730481835.98, 0.47
-1730481835.88, 0.48
-1730481835.72, 0.48
-1730481835.65, 0.47
-1730481835.55, 0.47
-1730481835.46, 0.47
-1730481835.36, 0.46
-1730481835.26, 0.46
-1730481835.17, 0.46
-1730481835.06, 0.46
-1730481834.96, 0.46
-1730481834.86, 0.46
-1730481834.76, 0.46
-1730481834.67, 0.47
-1730481834.56, 0.47
-1730481834.46, 0.48
-1730481834.36, 0.48
-1730481834.26, 0.48
-1730481834.16, 0.48
-1730481834.06, 0.47
-1730481833.95, 0.47
-1730481833.85, 0.46
-1730481833.74, 0.46
-1730481833.63, 0.46
-1730481833.54, 0.46
-1730481833.45, 0.46
-1730481833.35, 0.46
-1730481833.24, 0.46
-1730481833.14, 0.47
-1730481833.05, 0.48
-1730481832.93, 0.47
-1730481832.83, 0.48
-1730481832.73, 0.48
-1730481832.64, 0.47
-1730481832.53, 0.46
-1730481832.43, 0.46
-1730481832.32, 0.45
-1730481832.23, 0.46
-1730481832.13, 0.46
-1730481832.03, 0.46
-1730481831.93, 0.46
-1730481831.82, 0.46
-1730481831.72, 0.46
-1730481831.62, 0.47
-1730481831.52, 0.47
-1730481831.42, 0.48
-1730481831.32, 0.48
-1730481831.22, 0.47
-1730481831.12, 0.47
-1730481831.02, 0.46
-1730481830.91, 0.46
-1730481830.81, 0.46
-1730481830.71, 0.45
-1730481830.61, 0.45
-1730481830.51, 0.45
-1730481830.41, 0.45
-1730481830.31, 0.46
-1730481830.21, 0.47
-1730481830.10, 0.47
-1730481830.00, 0.47
-1730481829.90, 0.48
-1730481829.80, 0.47
-1730481829.70, 0.47
-1730481829.59, 0.47
-1730481829.49, 0.46
-1730481829.40, 0.45
-1730481829.29, 0.46
-1730481829.19, 0.46
-1730481829.09, 0.45
-1730481828.99, 0.46
-1730481828.89, 0.46
-1730481828.78, 0.46
-1730481828.69, 0.47
-1730481828.59, 0.47
-1730481828.48, 0.47
-1730481828.39, 0.48
-1730481828.28, 0.47
-1730481828.18, 0.47
-1730481828.08, 0.45
-1730481827.98, 0.46
-1730481827.87, 0.46
-1730481827.77, 0.46
-1730481827.68, 0.45
-1730481827.58, 0.45
-1730481827.47, 0.46
-1730481827.37, 0.46
-1730481827.26, 0.46
-1730481827.17, 0.46
-1730481827.07, 0.47
-1730481826.96, 0.47
-1730481826.85, 0.47
-1730481826.74, 0.47
-1730481826.65, 0.46
-1730481826.56, 0.46
-1730481826.46, 0.46
-1730481826.35, 0.45
-1730481826.26, 0.45
-1730481826.16, 0.45
-1730481826.05, 0.45
-1730481825.95, 0.46
-1730481825.85, 0.46
-1730481825.75, 0.46
-1730481825.65, 0.47
-1730481825.55, 0.47
-1730481825.45, 0.47
-1730481825.35, 0.48
-1730481825.24, 0.48
-1730481825.14, 0.46
-1730481825.04, 0.46
-1730481824.94, 0.45
-1730481824.84, 0.45
-1730481824.74, 0.45
-1730481824.64, 0.46
-1730481824.53, 0.45
-1730481824.43, 0.45
-1730481824.33, 0.46
-1730481824.23, 0.46
-1730481824.13, 0.47
-1730481824.02, 0.48
-1730481823.93, 0.47
-1730481823.83, 0.47
-1730481823.73, 0.47
-1730481823.62, 0.47
-1730481823.52, 0.46
-1730481823.42, 0.46
-1730481823.32, 0.45
-1730481823.22, 0.45
-1730481823.11, 0.48
-1730481823.01, 0.63
-1730481822.91, 0.77
-1730481822.81, 0.87
-1730481822.71, 0.91
-1730481822.61, 0.93
-1730481822.51, 0.95
-1730481822.41, 0.96
-1730481822.30, 0.96
-1730481822.21, 0.96
-1730481822.10, 0.96
-1730481822.00, 0.96
-1730481821.90, 0.96
-1730481821.80, 0.97
-1730481821.70, 0.97
-1730481821.60, 0.97
-1730481821.50, 0.98
-1730481821.39, 0.99
-1730481821.29, 0.99
-1730481821.19, 1.00
-1730481821.09, 1.00
-1730481820.99, 1.01
-1730481820.89, 1.01
-1730481820.79, 1.00
-1730481820.68, 0.99
-1730481820.58, 0.99
-1730481820.48, 0.99
-1730481820.38, 0.99
-1730481820.28, 0.99
-1730481820.18, 0.99
-1730481820.08, 0.99
-1730481819.98, 1.00
-1730481819.88, 1.00
-1730481819.77, 1.00
-1730481819.67, 1.01
-1730481819.57, 1.01
-1730481819.47, 1.01
-1730481819.37, 1.00
-1730481819.27, 1.00
-1730481819.17, 1.00
-1730481819.06, 0.99
-1730481818.96, 0.99
-1730481818.86, 1.00
-1730481818.76, 0.99
-1730481818.66, 0.99
-1730481818.56, 1.00
-1730481818.45, 1.00
-1730481818.36, 1.01
-1730481818.25, 1.01
-1730481818.15, 1.01
-1730481818.04, 1.01
-1730481817.95, 1.00
-1730481817.84, 1.00
-1730481817.75, 0.99
-1730481817.65, 0.99
-1730481817.54, 0.99
-1730481817.44, 0.99
-1730481817.34, 0.99
-1730481817.24, 1.00
-1730481817.14, 1.00
-1730481817.04, 1.00
-1730481816.93, 1.01
-1730481816.83, 1.01
-1730481816.73, 1.01
-1730481816.64, 1.01
-1730481816.53, 1.00
-1730481816.43, 1.00
-1730481816.32, 1.00
-1730481816.23, 0.99
-1730481816.12, 0.99
-1730481816.02, 0.99
-1730481815.92, 0.99
-1730481815.82, 0.99
-1730481815.72, 0.99
-1730481815.62, 1.00
-1730481815.52, 1.01
-1730481815.41, 1.01
-1730481815.31, 1.01
-1730481815.21, 1.01
-1730481815.11, 1.01
-1730481815.01, 1.00
-1730481814.91, 0.99
-1730481814.81, 0.99
-1730481814.71, 0.99
-1730481814.60, 0.99
-1730481814.50, 0.99
-1730481814.39, 0.99
-1730481814.30, 0.99
-1730481814.20, 1.00
-1730481814.10, 1.00
-1730481814.00, 1.00
-1730481813.89, 1.01
-1730481813.80, 1.00
-1730481813.69, 1.00
-1730481813.59, 1.00
-1730481813.49, 0.99
-1730481813.39, 0.99
-1730481813.29, 0.99
-1730481813.18, 0.99
-1730481813.08, 0.99
-1730481812.98, 0.99
-1730481812.88, 0.99
-1730481812.78, 0.99
-1730481812.67, 1.00
-1730481812.58, 1.00
-1730481812.47, 1.00
-1730481812.37, 1.00
-1730481812.27, 1.00
-1730481812.17, 1.00
-1730481812.06, 0.99
-1730481811.97, 0.98
-1730481811.86, 0.99
-1730481811.77, 0.99
-1730481811.67, 0.99
-1730481811.57, 0.98
-1730481811.46, 0.99
-1730481811.36, 0.99
-1730481811.26, 1.00
-1730481811.15, 1.00
-1730481811.06, 1.00
-1730481810.96, 1.00
-1730481810.85, 0.99
-1730481810.76, 0.98
-1730481810.65, 0.99
-1730481810.55, 0.98
-1730481810.45, 0.98
-1730481810.35, 0.98
-1730481810.25, 0.98
-1730481810.14, 0.98
-1730481810.04, 0.99
-1730481809.95, 0.99
-1730481809.84, 0.99
-1730481809.74, 1.00
-1730481809.64, 1.00
-1730481809.54, 1.00
-1730481809.43, 1.00
-1730481809.33, 0.99
-1730481809.23, 0.99
-1730481809.13, 0.98
-1730481809.02, 0.98
-1730481808.92, 0.98
-1730481808.83, 0.98
-1730481808.73, 0.99
-1730481808.62, 0.98
-1730481808.52, 0.98
-1730481808.42, 0.99
-1730481808.32, 1.00
-1730481808.21, 1.00
-1730481808.11, 0.99
-1730481808.01, 0.99
-1730481807.92, 0.99
-1730481807.81, 0.98
-1730481807.71, 0.97
-1730481807.61, 0.98
-1730481807.51, 0.98
-1730481807.40, 0.98
-1730481807.30, 0.98
-1730481807.20, 0.98
-1730481807.11, 0.99
-1730481807.01, 0.99
-1730481806.89, 0.99
-1730481806.80, 0.99
-1730481806.70, 1.00
-1730481806.60, 0.99
-1730481806.49, 0.99
-1730481806.39, 0.98
-1730481806.29, 0.97
-1730481806.19, 0.98
-1730481806.09, 0.97
-1730481805.99, 0.97
-1730481805.89, 0.98
-1730481805.79, 0.98
-1730481805.69, 0.98
-1730481805.58, 0.98
-1730481805.48, 1.00
-1730481805.38, 0.99
-1730481805.28, 1.00
-1730481805.18, 0.99
-1730481805.07, 0.98
-1730481804.98, 0.98
-1730481804.87, 0.98
-1730481804.77, 0.97
-1730481804.67, 0.97
-1730481804.57, 0.98
-1730481804.47, 0.98
-1730481804.37, 0.98
-1730481804.27, 0.99
-1730481804.17, 0.99
-1730481804.06, 0.99
-1730481803.96, 0.99
-1730481803.86, 0.99
-1730481803.76, 0.99
-1730481803.66, 0.98
-1730481803.56, 0.97
-1730481803.46, 0.97
-1730481803.36, 0.97
-1730481803.25, 0.97
-1730481803.15, 0.97
-1730481803.05, 0.97
-1730481802.95, 0.98
-1730481802.85, 0.98
-1730481802.75, 0.98
-1730481802.64, 0.99
-1730481802.54, 0.99
-1730481802.44, 0.99
-1730481802.34, 0.98
-1730481802.24, 0.97
-1730481802.14, 0.97
-1730481802.04, 0.97
-1730481801.94, 0.97
-1730481801.83, 0.97
-1730481801.73, 0.96
-1730481801.63, 0.97
-1730481801.53, 0.98
-1730481801.43, 0.98
-1730481801.33, 0.99
-1730481801.23, 0.99
-1730481801.13, 0.99
-1730481801.03, 0.99
-1730481800.92, 0.98
-1730481800.82, 0.97
-1730481800.72, 0.97
-1730481800.62, 0.96
-1730481800.52, 0.97
-1730481800.42, 0.97
-1730481800.32, 0.97
-1730481800.21, 0.97
-1730481800.12, 0.97
-1730481800.01, 0.98
-1730481799.91, 0.98
-1730481799.81, 0.99
-1730481799.70, 0.98
-1730481799.61, 0.98
-1730481799.50, 0.98
-1730481799.41, 0.97
-1730481799.30, 0.96
-1730481799.20, 0.97
-1730481799.10, 0.97
-1730481799.00, 0.97
-1730481798.90, 0.97
-1730481798.79, 0.97
-1730481798.70, 0.97
-1730481798.60, 0.98
-1730481798.49, 0.98
-1730481798.39, 0.98
-1730481798.29, 0.98
-1730481798.18, 0.98
-1730481798.09, 0.97
-1730481797.98, 0.97
-1730481797.88, 0.96
-1730481797.78, 0.96
-1730481797.68, 0.96
-1730481797.58, 0.96
-1730481797.47, 0.96
-1730481797.38, 0.96
-1730481797.28, 0.97
-1730481797.17, 0.97
-1730481797.07, 0.98
-1730481796.97, 0.98
-1730481796.87, 0.98
-1730481796.77, 0.97
-1730481796.67, 0.97
-1730481796.56, 0.96
-1730481796.46, 0.96
-1730481796.36, 0.96
-1730481796.26, 0.96
-1730481796.15, 0.96
-1730481796.06, 0.96
-1730481795.95, 0.97
-1730481795.85, 0.97
-1730481795.75, 0.98
-1730481795.65, 0.98
-1730481795.55, 0.97
-1730481795.45, 0.97
-1730481795.34, 0.97
-1730481795.25, 0.96
-1730481795.15, 0.96
-1730481795.04, 0.96
-1730481794.94, 0.96
-1730481794.84, 0.95
-1730481794.74, 0.96
-1730481794.64, 0.96
-1730481794.54, 0.96
-1730481794.43, 0.96
-1730481794.33, 0.97
-1730481794.24, 0.98
-1730481794.13, 0.98
-1730481794.03, 0.97
-1730481793.93, 0.97
-1730481793.83, 0.96
-1730481793.73, 0.96
-1730481793.62, 0.96
-1730481793.53, 0.95
-1730481793.42, 0.95
-1730481793.32, 0.95
-1730481793.22, 0.96
-1730481793.12, 0.96
-1730481793.02, 0.96
-1730481792.91, 0.97
-1730481792.82, 0.97
-1730481792.71, 0.97
-1730481792.61, 0.97
-1730481792.51, 0.96
-1730481792.41, 0.96
-1730481792.31, 0.95
-1730481792.21, 0.95
-1730481792.11, 0.95
-1730481792.00, 0.96
-1730481791.90, 0.95
-1730481791.80, 0.95
-1730481791.70, 0.96
-1730481791.60, 0.96
-1730481791.50, 0.97
-1730481791.39, 0.97
-1730481791.29, 0.97
-1730481791.20, 0.96
-1730481791.09, 0.96
-1730481790.99, 0.96
-1730481790.88, 0.95
-1730481790.79, 0.95
-1730481790.69, 0.95
-1730481790.59, 0.95
-1730481790.49, 0.95
-1730481790.39, 0.95
-1730481790.27, 0.95
-1730481790.18, 0.96
-1730481790.08, 0.96
-1730481789.98, 0.97
-1730481789.87, 0.96
-1730481789.78, 0.97
-1730481789.67, 0.96
-1730481789.57, 0.95
-1730481789.47, 0.95
-1730481789.37, 0.95
-1730481789.27, 0.95
-1730481789.17, 0.95
-1730481789.05, 0.95
-1730481788.97, 0.95
-1730481788.86, 0.96
-1730481788.76, 0.96
-1730481788.65, 0.96
-1730481788.55, 0.97
-1730481788.46, 0.96
-1730481788.35, 0.96
-1730481788.25, 0.96
-1730481788.16, 0.95
-1730481788.05, 0.95
-1730481787.95, 0.95
-1730481787.69, 0.95
-1730481787.68, 0.94
