Sensor Name: tty
Initial Resistance: 90 ohms
Start Time: 2024-11-13 10:48:52
Time (s), Voltage (V)
0.72, 0.0000
0.79, 0.0000
0.98, 0.0000
1.12, 0.0000
1.14, 0.0000
1.16, 0.0000
1.18, 0.0000
1.20, 0.0000
1.23, 0.0000
1.25, 0.0000
1.28, 0.0000
1.30, 0.0000
1.40, 0.0000
1.49, 0.0000
1.60, 0.0000
1.70, 0.0000
1.80, 0.0000
1.90, 0.0000
2.00, 0.0000
2.10, 0.0000
2.20, 0.0000
2.30, 0.0000
2.40, 0.0000
2.50, 0.0000
2.59, 0.0000
2.70, 0.0000
2.81, 0.0000
2.90, 0.0000
2.99, 0.0000
3.10, 0.0000
3.20, 0.0000
3.30, 0.0000
3.40, 0.0000
3.50, 0.0000
3.60, 0.0000
3.70, 0.0000
3.80, 0.0000
3.89, 0.0000
4.00, 0.0000
4.09, 0.0000
4.20, 0.0000
4.29, 0.0000
4.39, 0.0000
4.49, 0.0000
4.59, 0.0000
4.69, 0.0000
4.80, 0.0000
4.89, 0.0000
4.99, 0.0000
5.10, 0.0000
5.20, 0.0000
5.29, 0.1075
5.39, 0.2639
5.50, 0.3568
5.60, 0.4497
5.69, 0.6598
5.79, 0.5816
5.89, 0.6305
6.00, 0.6696
6.10, 0.6109
6.19, 0.7185
6.30, 0.7869
6.39, 0.7722
6.49, 0.7918
6.60, 0.8162
6.70, 0.8309
6.79, 0.8358
6.89, 0.8407
7.00, 0.8504
7.09, 0.8602
7.19, 0.8602
7.30, 0.8602
7.39, 0.8602
7.50, 0.8651
7.59, 0.8798
7.70, 0.8651
7.79, 0.8895
7.89, 0.8749
7.99, 0.8847
8.09, 0.8553
8.19, 0.9531
8.30, 0.8895
8.39, 0.8944
8.50, 0.9042
8.59, 0.9140
8.70, 0.9140
8.80, 0.9140
8.89, 0.9189
8.99, 0.9286
9.10, 0.9238
9.20, 0.9286
9.30, 0.9238
9.40, 0.9238
9.50, 0.9286
9.59, 0.9286
9.69, 0.9238
9.80, 0.9140
9.90, 0.9140
9.99, 0.9286
10.10, 0.9286
10.20, 0.9140
10.30, 0.9140
10.40, 0.9140
10.49, 0.9042
10.60, 0.9091
10.69, 0.8993
10.80, 0.8895
10.90, 0.8944
10.99, 0.8944
11.10, 0.8944
11.20, 0.8798
11.29, 0.8798
11.39, 0.8847
11.50, 0.8749
11.59, 0.8651
11.69, 0.8602
11.80, 0.8602
11.90, 0.8504
12.00, 0.8407
12.09, 0.7478
12.19, 0.8113
12.29, 0.8113
12.40, 0.7967
12.50, 0.7771
12.59, 0.7674
12.70, 0.7576
12.80, 0.7429
12.90, 0.7722
13.02, 0.7038
13.11, 0.6696
13.20, 0.6403
13.29, 0.6158
13.39, 0.6158
13.49, 0.5718
13.60, 0.5474
13.70, 0.5230
13.80, 0.4790
13.90, 0.4497
14.00, 0.4106
14.10, 0.3910
14.19, 0.3568
14.29, 0.3177
14.39, 0.3128
14.50, 0.2786
14.60, 0.2444
14.70, 0.2346
14.79, 0.2297
14.89, 0.2102
15.00, 0.1124
15.10, 0.1564
15.20, 0.1320
15.29, 0.1075
15.40, 0.1026
15.50, 0.0880
15.60, 0.1662
15.70, 0.0635
15.80, 0.0635
15.89, 0.0147
15.99, 0.0049
16.10, 0.0049
16.20, 0.0000
16.30, 0.0000
16.39, 0.0000
16.49, 0.0000
16.60, 0.0000
16.69, 0.0000
16.79, 0.0000
16.89, 0.0000
17.00, 0.0000
17.09, 0.0000
17.20, 0.0000
17.29, 0.0000
17.40, 0.0000
17.50, 0.0000
17.60, 0.0000
17.71, 0.1564
17.80, 0.3910
17.90, 0.6354
18.00, 0.8944
18.09, 1.1193
18.19, 1.2708
18.30, 1.4761
18.39, 1.6129
18.53, 1.6960
18.61, 1.7986
18.69, 1.8231
18.79, 1.8866
18.89, 1.9257
18.99, 1.9550
19.09, 1.9648
19.20, 2.0137
19.30, 1.9844
19.40, 2.0235
19.49, 2.0283
19.59, 2.0430
19.69, 2.0332
19.80, 2.0332
19.90, 2.0430
19.99, 2.0039
20.10, 2.0186
20.20, 2.0039
20.29, 1.9990
20.40, 2.0088
20.49, 2.0039
20.60, 1.9844
20.69, 2.0088
20.79, 1.9697
20.90, 1.9550
20.99, 1.9550
21.09, 1.9550
21.19, 1.9501
21.29, 1.9306
21.39, 1.9110
21.49, 1.8866
21.60, 1.8964
21.69, 1.8768
21.79, 1.8573
21.90, 1.7986
22.00, 1.8719
22.09, 1.8280
22.19, 1.8133
22.29, 1.7986
22.39, 1.7889
22.49, 1.8768
22.59, 1.7351
22.69, 1.7107
22.82, 1.6960
22.90, 1.6764
23.00, 1.6520
23.10, 1.6422
23.20, 1.6276
23.29, 1.5885
23.39, 1.5934
23.50, 1.6178
23.60, 1.5543
23.70, 1.5200
23.80, 1.4956
23.89, 1.4858
23.99, 1.4565
24.09, 1.3685
24.19, 1.4076
24.29, 1.4125
24.39, 1.3490
24.49, 1.3196
24.59, 1.3196
24.69, 1.1975
24.79, 1.2268
24.89, 1.2512
25.00, 1.1975
25.10, 1.1437
25.20, 1.1584
25.29, 1.1095
25.40, 1.0899
25.50, 1.1046
25.59, 1.0215
25.69, 1.0020
25.80, 0.9677
25.89, 0.9384
25.99, 0.9238
26.09, 0.8700
26.19, 0.8602
26.29, 0.7722
26.39, 0.7967
26.49, 0.7967
26.59, 0.7576
26.69, 0.7234
26.79, 0.7038
26.89, 0.6843
26.99, 0.6452
27.09, 0.6256
27.19, 0.6012
27.29, 0.5963
27.39, 0.5914
27.49, 0.4790
27.59, 0.5181
27.69, 0.5132
27.80, 0.4888
27.89, 0.3959
27.99, 0.4594
28.09, 0.4203
28.19, 0.4106
28.29, 0.3910
28.39, 0.3861
28.49, 0.3666
28.59, 0.3421
28.70, 0.3177
28.79, 0.3128
28.89, 0.2933
28.99, 0.2786
29.09, 0.2688
29.19, 0.2493
29.30, 0.2590
29.40, 0.2590
29.50, 0.2102
29.59, 0.2004
29.69, 0.1711
29.79, 0.1808
29.90, 0.1564
29.99, 0.1417
30.09, 0.1515
30.20, 0.1075
30.29, 0.0929
30.40, 0.0782
30.49, 0.0782
30.59, 0.0733
30.69, 0.0440
30.79, 0.0635
30.89, 0.0147
30.99, 0.0244
31.09, 0.0098
31.19, 0.0049
31.29, 0.0000
31.40, 0.0000
31.49, 0.0000
31.59, 0.0000
31.69, 0.0000
31.79, 0.0000
31.89, 0.0000
31.99, 0.0000
32.10, 0.0000
32.20, 0.0000
32.29, 0.0000
32.39, 0.0000
32.49, 0.0000
32.59, 0.0000
32.69, 0.0000
32.79, 0.0000
32.89, 0.0000
33.00, 0.0000
33.10, 0.0000
33.20, 0.0000
33.30, 0.0000
33.40, 0.0000
33.50, 0.0000
33.60, 0.0000
33.69, 0.0000
33.80, 0.0000
33.89, 0.0000
33.99, 0.0000
34.09, 0.0000
34.20, 0.0000
34.30, 0.0000
34.39, 0.0000
34.50, 0.0000
34.60, 0.0000
34.69, 0.0000
34.80, 0.0000
34.90, 0.0000
35.00, 0.0000
35.09, 0.0000
35.19, 0.0000
35.29, 0.0000
35.40, 0.0000
35.49, 0.1075
35.59, 0.5376
35.69, 0.6256
35.79, 0.7674
35.89, 1.0215
35.99, 1.1681
36.10, 1.3245
36.19, 1.3930
36.29, 1.4712
36.39, 1.5152
36.50, 1.5640
36.59, 1.7155
36.69, 1.6227
36.80, 1.6520
36.90, 1.6471
36.99, 1.5885
37.09, 1.6716
37.19, 1.6618
37.29, 1.7107
37.39, 1.6911
37.49, 1.6960
37.60, 1.6716
37.69, 1.7058
37.79, 1.7546
37.89, 1.6764
37.99, 1.6862
38.09, 1.6862
38.19, 1.6471
38.29, 1.6471
38.39, 1.6422
38.50, 1.6325
38.59, 1.6178
38.69, 1.5738
38.80, 1.5640
38.89, 1.5298
39.00, 1.5152
39.09, 1.4907
39.19, 1.4809
39.29, 1.4516
39.39, 1.4076
39.49, 1.3685
39.59, 1.3294
39.69, 1.2854
39.79, 1.2561
39.89, 1.2219
39.99, 1.1730
40.10, 1.1632
40.19, 1.1241
40.30, 1.0899
40.39, 1.0655
40.49, 1.0362
40.60, 1.0020
40.70, 0.9726
40.79, 0.9433
40.89, 0.9286
41.00, 0.8895
41.09, 0.8602
41.20, 0.8309
41.30, 0.8113
41.39, 0.7771
41.49, 0.7331
41.59, 0.7136
41.69, 0.7038
41.79, 0.6500
41.90, 0.6256
41.99, 0.6012
42.09, 0.5621
42.19, 0.5474
42.30, 0.4985
42.40, 0.4643
42.49, 0.4448
42.60, 0.4203
42.69, 0.3910
42.80, 0.3763
42.90, 0.3715
43.00, 0.3421
43.09, 0.3275
43.19, 0.3128
43.29, 0.2933
43.40, 0.2688
43.50, 0.2444
43.60, 0.2493
43.69, 0.2346
43.79, 0.2346
43.89, 0.2102
43.99, 0.2004
44.09, 0.1711
44.19, 0.1662
44.29, 0.1613
44.39, 0.1417
44.49, 0.1320
44.60, 0.1075
44.70, 0.1564
44.79, 0.0880
44.90, 0.0782
44.99, 0.0733
45.09, 0.0000
45.19, 0.0391
45.29, 0.0440
45.39, 0.0147
45.49, 0.0342
45.59, 0.0000
45.69, 0.1124
45.79, 0.0000
45.89, 0.0000
45.99, 0.0000
46.09, 0.0000
46.19, 0.0000
46.29, 0.0000
46.39, 0.0000
46.49, 0.0000
46.59, 0.0000
46.69, 0.0000
46.79, 0.0000
46.89, 0.0000
46.99, 0.0000
47.09, 0.0000
47.19, 0.0000
47.29, 0.0000
47.39, 0.0000
47.49, 0.0000
47.59, 0.0000
47.69, 0.0000
47.79, 0.0000
47.89, 0.0000
47.99, 0.0000
48.09, 0.0000
48.19, 0.0000
48.30, 0.0000
48.39, 0.0000
48.49, 0.0000
48.59, 0.0000
48.69, 0.0000
48.79, 0.0000
48.89, 0.0000
48.99, 0.0000
49.09, 0.0000
49.19, 0.0000
49.29, 0.0000
49.39, 0.0000
49.49, 0.0000
49.59, 0.0000
49.69, 0.0000
49.79, 0.0000
49.90, 0.0000
50.00, 0.0000
50.09, 0.0000
50.19, 0.1711
50.29, 0.4106
50.39, 0.6500
50.49, 0.8162
50.59, 0.9482
50.69, 1.0802
50.79, 1.1486
50.90, 1.2268
51.00, 1.2512
51.09, 1.3978
51.20, 1.3441
51.30, 1.3636
51.39, 1.3783
51.49, 1.3783
51.59, 1.3881
51.69, 1.3930
51.79, 1.3832
51.89, 1.3978
52.00, 1.3636
52.10, 1.3392
52.20, 1.3294
52.30, 1.3050
52.40, 1.2952
52.50, 1.2512
52.60, 1.2366
52.69, 1.1730
52.79, 1.1535
52.89, 1.1046
52.99, 1.0459
53.10, 1.0166
53.20, 0.9775
53.29, 0.9286
53.39, 0.8798
53.49, 0.8504
53.59, 0.6794
53.70, 0.7527
53.79, 0.7234
53.89, 0.6745
53.99, 0.6647
54.09, 0.6256
54.20, 0.5767
54.29, 0.5474
54.39, 0.5181
54.49, 0.4643
54.59, 0.4448
54.69, 0.4106
54.79, 0.3959
54.90, 0.3715
54.99, 0.3763
55.09, 0.3470
55.19, 0.3226
55.29, 0.3128
55.39, 0.2248
55.49, 0.2884
55.59, 0.2688
55.69, 0.2639
55.79, 0.2884
55.89, 0.2346
55.99, 0.2248
56.09, 0.2151
56.19, 0.1955
56.29, 0.1906
56.40, 0.1760
56.49, 0.1613
56.59, 0.0978
56.69, 0.1369
56.79, 0.1222
56.89, 0.1222
56.99, 0.1466
57.09, 0.0831
57.20, 0.0733
57.29, 0.0635
57.40, 0.0782
57.49, 0.0440
57.59, 0.0244
57.69, 0.0196
57.79, 0.0098
57.89, 0.0049
57.99, 0.0049
58.09, 0.0000
58.20, 0.0000
58.29, 0.0000
58.40, 0.0000
58.49, 0.0000
58.60, 0.0000
58.71, 0.0000
58.80, 0.0000
58.90, 0.0000
58.99, 0.0000
59.10, 0.0000
59.19, 0.0000
59.29, 0.0000
59.39, 0.0000
59.50, 0.0000
59.59, 0.0000
59.69, 0.0000
59.79, 0.0000
59.90, 0.0000
59.99, 0.0000
60.09, 0.0000
60.19, 0.0000
60.29, 0.0000
60.39, 0.0000
60.49, 0.0000
60.59, 0.0000
60.70, 0.0244
60.80, 0.2346
60.89, 0.4790
60.99, 0.5474
61.09, 0.7478
61.19, 0.8602
61.30, 0.9482
61.39, 1.0166
61.49, 1.0655
61.59, 1.0997
61.69, 1.1535
61.79, 1.1584
61.89, 1.1779
61.99, 1.1828
62.09, 1.2023
62.19, 1.1975
62.29, 1.2023
62.39, 1.1877
62.49, 1.2072
62.59, 1.1779
62.69, 1.1975
62.79, 1.1828
62.90, 1.1828
63.00, 1.1730
63.09, 1.1681
63.19, 1.1828
63.29, 1.1584
63.39, 1.1241
63.49, 1.1339
63.59, 1.0704
63.69, 1.1046
63.79, 1.0655
63.89, 1.0508
63.99, 1.0411
64.09, 1.0215
64.19, 1.0068
64.29, 0.9677
64.39, 0.9531
64.49, 0.9384
64.59, 0.8993
64.69, 0.8602
64.79, 0.8553
64.89, 0.8162
64.99, 0.7771
65.09, 0.7527
65.19, 0.7087
65.30, 0.7038
65.39, 0.6794
65.49, 0.8602
65.59, 0.6256
65.69, 0.6012
65.79, 0.5670
65.89, 0.5376
65.99, 0.5327
66.09, 0.5425
66.19, 0.4594
66.29, 0.4203
66.39, 0.3910
66.49, 0.3617
66.59, 0.3568
66.69, 0.3421
66.79, 0.3128
66.89, 0.2981
67.00, 0.2590
67.09, 0.2542
67.19, 0.2346
67.29, 0.2346
67.39, 0.2102
67.49, 0.1808
67.59, 0.1808
67.69, 0.1417
67.79, 0.1466
67.90, 0.1124
68.00, 0.1320
68.09, 0.0929
68.20, 0.0929
68.29, 0.1662
68.39, 0.0782
68.49, 0.0489
68.59, 0.0635
68.69, 0.0489
68.79, 0.0733
68.89, 0.0000
68.99, 0.0098
69.09, 0.0049
69.19, 0.0049
69.29, 0.0000
69.39, 0.0000
69.49, 0.0000
69.60, 0.0000
69.70, 0.0000
69.79, 0.0000
69.89, 0.0000
70.00, 0.0000
70.09, 0.0000
70.19, 0.0000
70.29, 0.0000
70.39, 0.0000
70.49, 0.0000
70.59, 0.0000
70.69, 0.0000
70.79, 0.0000
70.89, 0.0000
71.00, 0.0000
71.09, 0.0000
71.19, 0.0000
71.29, 0.0000
71.53, 0.0000
71.55, 0.0000
