Sensor Name: ttx_224
Initial Resistance: 70 ohms
Start Time: 2024-11-01 23:43:27
Time (s), Voltage (V)
-1730482187.62, 1.57
-1730482187.52, 1.57
-1730482187.43, 1.56
-1730482187.32, 1.57
-1730482187.22, 1.57
-1730482187.12, 1.57
-1730482187.02, 1.57
-1730482186.91, 1.57
-1730482186.82, 1.58
-1730482186.70, 1.58
-1730482186.62, 1.58
-1730482186.50, 1.58
-1730482186.40, 1.57
-1730482186.30, 1.57
-1730482186.19, 1.57
-1730482186.10, 1.57
-1730482185.99, 1.57
-1730482185.90, 1.57
-1730482185.80, 1.57
-1730482185.70, 1.57
-1730482185.60, 1.57
-1730482185.50, 1.57
-1730482185.37, 1.58
-1730482185.27, 1.57
-1730482185.19, 1.57
-1730482185.07, 1.58
-1730482184.97, 1.57
-1730482184.88, 1.57
-1730482184.77, 1.57
-1730482184.69, 1.57
-1730482184.59, 1.56
-1730482184.49, 1.56
-1730482184.39, 1.56
-1730482184.29, 1.56
-1730482184.15, 1.57
-1730482184.07, 1.56
-1730482183.96, 1.57
-1730482183.83, 1.58
-1730482183.77, 1.57
-1730482183.67, 1.57
-1730482183.56, 1.57
-1730482183.47, 1.57
-1730482183.37, 1.56
-1730482183.27, 1.56
-1730482183.13, 1.55
-1730482183.05, 1.56
-1730482182.96, 1.56
-1730482182.82, 1.56
-1730482182.75, 1.56
-1730482182.66, 1.56
-1730482182.56, 1.57
-1730482182.46, 1.61
-1730482182.36, 1.69
-1730482182.24, 1.75
-1730482182.15, 1.80
-1730482182.04, 1.80
-1730482181.94, 1.82
-1730482181.84, 1.82
-1730482181.72, 1.81
-1730482181.63, 1.82
-1730482181.53, 1.82
-1730482181.44, 1.82
-1730482181.32, 1.82
-1730482181.23, 1.82
-1730482181.14, 1.83
-1730482181.02, 1.84
-1730482180.92, 1.84
-1730482180.82, 1.83
-1730482180.71, 1.84
-1730482180.63, 1.83
-1730482180.51, 1.84
-1730482180.41, 1.83
-1730482180.31, 1.83
-1730482180.22, 1.82
-1730482180.13, 1.83
-1730482180.01, 1.82
-1730482179.93, 1.83
-1730482179.83, 1.83
-1730482179.71, 1.83
-1730482179.62, 1.83
-1730482179.51, 1.83
-1730482179.39, 1.83
-1730482179.31, 1.83
-1730482179.19, 1.83
-1730482179.11, 1.83
-1730482178.99, 1.82
-1730482178.91, 1.82
-1730482178.80, 1.83
-1730482178.69, 1.82
-1730482178.61, 1.82
-1730482178.49, 1.83
-1730482178.40, 1.82
-1730482178.31, 1.82
-1730482178.18, 1.83
-1730482178.08, 1.82
-1730482177.99, 1.82
-1730482177.89, 1.83
-1730482177.78, 1.82
-1730482177.69, 1.83
-1730482177.58, 1.82
-1730482177.47, 1.82
-1730482177.39, 1.82
-1730482177.28, 1.81
-1730482177.16, 1.81
-1730482177.08, 1.81
-1730482176.98, 1.82
-1730482176.88, 1.82
-1730482176.78, 1.82
-1730482176.68, 1.82
-1730482176.58, 1.82
-1730482176.46, 1.82
-1730482176.38, 1.82
-1730482176.26, 1.82
-1730482176.16, 1.83
-1730482176.05, 1.81
-1730482175.96, 1.81
-1730482175.86, 1.81
-1730482175.77, 1.81
-1730482175.67, 1.81
-1730482175.56, 1.81
-1730482175.46, 1.81
-1730482175.36, 1.82
-1730482175.25, 1.82
-1730482175.15, 1.81
-1730482175.06, 1.82
-1730482174.96, 1.82
-1730482174.85, 1.81
-1730482174.75, 1.82
-1730482174.65, 1.82
-1730482174.55, 1.81
-1730482174.45, 1.81
-1730482174.35, 1.80
-1730482174.23, 1.81
-1730482174.15, 1.80
-1730482174.05, 1.81
-1730482173.95, 1.80
-1730482173.83, 1.81
-1730482173.73, 1.81
-1730482173.63, 1.81
-1730482173.53, 1.82
-1730482173.43, 1.81
-1730482173.33, 1.82
-1730482173.23, 1.81
-1730482173.13, 1.81
-1730482173.02, 1.81
-1730482172.93, 1.80
-1730482172.83, 1.80
-1730482172.72, 1.80
-1730482172.57, 1.81
-1730482172.47, 1.81
-1730482172.42, 1.80
-1730482172.32, 1.81
-1730482172.22, 1.82
-1730482172.12, 1.81
-1730482172.00, 1.82
-1730482171.92, 1.81
-1730482171.80, 1.81
-1730482171.72, 1.80
-1730482171.60, 1.81
-1730482171.52, 1.80
-1730482171.40, 1.81
-1730482171.30, 1.80
-1730482171.20, 1.81
-1730482171.10, 1.80
-1730482171.00, 1.81
-1730482170.90, 1.80
-1730482170.80, 1.81
-1730482170.70, 1.81
-1730482170.60, 1.82
-1730482170.50, 1.81
-1730482170.40, 1.81
-1730482170.27, 1.80
-1730482170.19, 1.81
-1730482170.09, 1.80
-1730482169.99, 1.80
-1730482169.89, 1.80
-1730482169.79, 1.81
-1730482169.69, 1.80
-1730482169.59, 1.80
-1730482169.49, 1.80
-1730482169.39, 1.80
-1730482169.29, 1.81
-1730482169.17, 1.82
-1730482169.07, 1.81
-1730482168.95, 1.81
-1730482168.85, 1.81
-1730482168.77, 1.81
-1730482168.67, 1.80
-1730482168.56, 1.80
-1730482168.47, 1.80
-1730482168.35, 1.80
-1730482168.27, 1.80
-1730482168.15, 1.80
-1730482168.05, 1.81
-1730482167.94, 1.80
-1730482167.87, 1.81
-1730482167.75, 1.80
-1730482167.65, 1.81
-1730482167.55, 1.81
-1730482167.46, 1.81
-1730482167.34, 1.80
-1730482167.24, 1.80
-1730482167.16, 1.80
-1730482167.04, 1.80
-1730482166.95, 1.80
-1730482166.84, 1.80
-1730482166.74, 1.80
-1730482166.64, 1.81
-1730482166.52, 1.80
-1730482166.44, 1.80
-1730482166.34, 1.81
-1730482166.24, 1.80
-1730482166.14, 1.81
-1730482166.02, 1.81
-1730482165.94, 1.80
-1730482165.84, 1.81
-1730482165.72, 1.80
-1730482165.61, 1.80
-1730482165.52, 1.80
-1730482165.42, 1.79
-1730482165.31, 1.79
-1730482165.21, 1.80
-1730482165.12, 1.80
-1730482165.02, 1.80
-1730482164.92, 1.81
-1730482164.83, 1.80
-1730482164.72, 1.81
-1730482164.61, 1.80
-1730482164.52, 1.81
-1730482164.39, 1.80
-1730482164.31, 1.80
-1730482164.21, 1.79
-1730482164.09, 1.80
-1730482164.01, 1.80
-1730482163.91, 1.80
-1730482163.81, 1.80
-1730482163.71, 1.80
-1730482163.61, 1.80
-1730482163.49, 1.80
-1730482163.41, 1.80
-1730482163.29, 1.81
-1730482163.21, 1.80
-1730482163.09, 1.81
-1730482162.99, 1.80
-1730482162.89, 1.80
-1730482162.77, 1.80
-1730482162.69, 1.80
-1730482162.59, 1.79
-1730482162.49, 1.80
-1730482162.39, 1.80
-1730482162.29, 1.79
-1730482162.18, 1.79
-1730482162.08, 1.80
-1730482161.98, 1.80
-1730482161.86, 1.81
-1730482161.78, 1.80
-1730482161.68, 1.81
-1730482161.58, 1.80
-1730482161.48, 1.81
-1730482161.38, 1.79
-1730482161.26, 1.80
-1730482161.16, 1.79
-1730482161.07, 1.79
-1730482160.96, 1.79
-1730482160.86, 1.80
-1730482160.76, 1.80
-1730482160.66, 1.80
-1730482160.56, 1.80
-1730482160.46, 1.80
-1730482160.36, 1.81
-1730482160.26, 1.80
-1730482160.16, 1.80
-1730482160.04, 1.80
-1730482159.94, 1.80
-1730482159.85, 1.79
-1730482159.76, 1.80
-1730482159.66, 1.80
-1730482159.54, 1.79
-1730482159.44, 1.79
-1730482159.35, 1.80
-1730482159.24, 1.80
-1730482159.14, 1.79
-1730482159.04, 1.80
-1730482158.93, 1.80
-1730482158.85, 1.80
-1730482158.73, 1.81
-1730482158.65, 1.80
-1730482158.53, 1.80
-1730482158.43, 1.80
-1730482158.33, 1.79
-1730482158.21, 1.80
-1730482158.11, 1.79
-1730482158.03, 1.79
-1730482157.92, 1.79
-1730482157.82, 1.79
-1730482157.73, 1.80
-1730482157.62, 1.80
-1730482157.51, 1.80
-1730482157.41, 1.80
-1730482157.30, 1.80
-1730482157.20, 1.80
-1730482157.11, 1.80
-1730482157.01, 1.80
-1730482156.91, 1.79
-1730482156.81, 1.79
-1730482156.71, 1.79
-1730482156.61, 1.79
-1730482156.50, 1.79
-1730482156.40, 1.79
-1730482156.29, 1.80
-1730482156.20, 1.80
-1730482156.07, 1.79
-1730482156.01, 1.80
-1730482155.88, 1.80
-1730482155.78, 1.80
-1730482155.68, 1.80
-1730482155.58, 1.80
-1730482155.50, 1.79
-1730482155.34, 1.80
-1730482155.24, 1.79
-1730482155.15, 1.79
-1730482155.09, 1.79
-1730482154.96, 1.79
-1730482154.89, 1.79
-1730482154.78, 1.79
-1730482154.68, 1.79
-1730482154.57, 1.80
-1730482154.48, 1.80
-1730482154.37, 1.80
-1730482154.29, 1.80
-1730482154.16, 1.80
-1730482154.08, 1.79
-1730482153.96, 1.79
-1730482153.87, 1.79
-1730482153.77, 1.79
-1730482153.66, 1.79
-1730482153.56, 1.79
-1730482153.46, 1.79
-1730482153.37, 1.79
-1730482153.09, 1.79
-1730482152.95, 1.80
-1730482152.87, 1.80
-1730482152.81, 1.79
-1730482152.75, 1.80
-1730482152.72, 1.80
-1730482152.65, 1.79
-1730482152.54, 1.79
-1730482152.43, 1.79
-1730482152.34, 1.79
-1730482152.26, 1.79
-1730482152.15, 1.79
-1730482152.06, 1.78
-1730482151.95, 1.79
-1730482151.85, 1.79
-1730482151.72, 1.79
-1730482151.65, 1.79
-1730482151.54, 1.80
-1730482151.44, 1.80
-1730482151.35, 1.80
-1730482151.24, 1.80
-1730482151.12, 1.79
-1730482151.02, 1.79
-1730482150.92, 1.79
-1730482150.83, 1.79
-1730482150.74, 1.79
-1730482150.62, 1.79
-1730482150.52, 1.80
-1730482150.35, 1.79
-1730482150.30, 1.79
-1730482150.22, 1.80
-1730482150.11, 1.80
-1730482150.01, 1.79
-1730482149.92, 1.80
-1730482149.83, 1.80
-1730482149.72, 1.78
-1730482149.62, 1.79
-1730482149.50, 1.79
-1730482149.42, 1.79
-1730482149.30, 1.79
-1730482149.22, 1.78
-1730482149.10, 1.79
-1730482148.99, 1.79
-1730482148.90, 1.79
-1730482148.79, 1.79
-1730482148.71, 1.79
-1730482148.59, 1.79
-1730482148.49, 1.79
-1730482148.38, 1.80
-1730482148.29, 1.79
-1730482148.20, 1.79
-1730482148.09, 1.79
-1730482147.99, 1.79
-1730482147.89, 1.79
-1730482147.79, 1.79
-1730482147.69, 1.79
-1730482147.57, 1.79
-1730482147.47, 1.79
-1730482147.35, 1.78
-1730482147.28, 1.80
-1730482147.15, 1.80
-1730482147.06, 1.79
-1730482146.96, 1.80
-1730482146.89, 1.79
-1730482146.76, 1.79
-1730482146.66, 1.79
-1730482146.57, 1.79
-1730482146.47, 1.79
-1730482146.35, 1.79
-1730482146.25, 1.79
-1730482146.15, 1.78
-1730482146.08, 1.79
-1730482145.96, 1.78
-1730482145.87, 1.79
-1730482145.74, 1.79
-1730482145.66, 1.80
-1730482145.54, 1.79
-1730482145.46, 1.80
-1730482145.36, 1.79
-1730482145.24, 1.79
-1730482145.16, 1.79
-1730482145.06, 1.79
-1730482144.95, 1.79
-1730482144.84, 1.79
-1730482144.71, 1.79
-1730482144.63, 1.79
-1730482144.55, 1.78
-1730482144.45, 1.79
-1730482144.35, 1.79
-1730482144.24, 1.79
-1730482144.13, 1.80
-1730482144.04, 1.80
-1730482143.93, 1.79
-1730482143.84, 1.79
-1730482143.73, 1.78
-1730482143.63, 1.78
-1730482143.53, 1.79
-1730482143.42, 1.79
-1730482143.33, 1.78
-1730482143.23, 1.78
-1730482143.13, 1.79
-1730482143.02, 1.78
-1730482142.92, 1.79
-1730482142.83, 1.78
-1730482142.73, 1.79
-1730482142.61, 1.79
-1730482142.52, 1.80
-1730482142.42, 1.79
-1730482142.30, 1.79
-1730482142.22, 1.79
-1730482142.12, 1.78
-1730482142.02, 1.78
-1730482141.92, 1.78
-1730482141.81, 1.78
-1730482141.72, 1.78
-1730482141.60, 1.78
-1730482141.49, 1.79
-1730482141.39, 1.79
-1730482141.31, 1.79
-1730482141.18, 1.80
-1730482141.09, 1.79
-1730482141.01, 1.79
-1730482140.88, 1.79
-1730482140.81, 1.78
-1730482140.68, 1.78
-1730482140.59, 1.78
-1730482140.49, 1.79
-1730482140.40, 1.78
-1730482140.29, 1.78
-1730482140.20, 1.79
-1730482140.09, 1.78
-1730482139.99, 1.79
-1730482139.87, 1.78
-1730482139.79, 1.79
-1730482139.68, 1.79
-1730482139.59, 1.79
-1730482139.46, 1.79
-1730482139.37, 1.78
-1730482139.27, 1.78
-1730482139.18, 1.78
-1730482139.07, 1.78
-1730482138.96, 1.78
-1730482138.87, 1.78
-1730482138.77, 1.78
-1730482138.68, 1.78
-1730482138.57, 1.78
-1730482138.46, 1.79
-1730482138.37, 1.79
-1730482138.27, 1.79
-1730482138.15, 1.78
-1730482138.05, 1.79
-1730482137.95, 1.78
-1730482137.85, 1.78
-1730482137.76, 1.78
-1730482137.66, 1.77
-1730482137.54, 1.78
-1730482137.46, 1.78
-1730482137.34, 1.78
-1730482137.26, 1.78
-1730482137.15, 1.79
-1730482137.05, 1.78
-1730482136.94, 1.79
-1730482136.85, 1.79
-1730482136.74, 1.78
-1730482136.65, 1.79
-1730482136.54, 1.78
-1730482136.45, 1.79
-1730482136.34, 1.78
-1730482136.24, 1.79
-1730482136.14, 1.77
-1730482136.03, 1.78
-1730482135.94, 1.78
-1730482135.83, 1.78
-1730482135.72, 1.78
-1730482135.63, 1.78
-1730482135.53, 1.79
-1730482135.41, 1.79
-1730482135.33, 1.79
-1730482135.20, 1.79
-1730482135.13, 1.78
-1730482135.02, 1.78
-1730482134.92, 1.78
-1730482134.81, 1.78
-1730482134.72, 1.78
-1730482134.61, 1.77
-1730482134.52, 1.78
-1730482134.42, 1.78
-1730482134.31, 1.77
-1730482134.21, 1.78
-1730482134.11, 1.78
-1730482134.02, 1.78
-1730482133.91, 1.79
-1730482133.81, 1.79
-1730482133.70, 1.78
-1730482133.61, 1.78
-1730482133.50, 1.78
-1730482133.41, 1.78
-1730482133.30, 1.77
-1730482133.19, 1.77
-1730482133.09, 1.77
-1730482133.00, 1.77
-1730482132.87, 1.78
-1730482132.80, 1.78
-1730482132.67, 1.78
-1730482132.59, 1.78
-1730482132.47, 1.78
-1730482132.37, 1.78
-1730482132.28, 1.78
-1730482132.19, 1.78
-1730482132.08, 1.77
-1730482131.98, 1.78
-1730482131.89, 1.77
-1730482131.78, 1.77
-1730482131.69, 1.78
-1730482131.56, 1.77
-1730482131.48, 1.78
-1730482131.36, 1.78
-1730482131.26, 1.78
-1730482131.17, 1.78
-1730482131.08, 1.78
-1730482130.97, 1.78
-1730482130.87, 1.78
-1730482130.76, 1.78
-1730482130.67, 1.78
-1730482130.56, 1.77
-1730482130.47, 1.78
-1730482130.36, 1.77
-1730482130.25, 1.78
-1730482130.15, 1.77
-1730482130.06, 1.78
-1730482129.94, 1.77
-1730482129.84, 1.78
-1730482129.75, 1.78
-1730482129.65, 1.79
-1730482129.54, 1.78
-1730482129.45, 1.78
-1730482129.33, 1.78
-1730482129.25, 1.78
-1730482129.14, 1.78
-1730482129.04, 1.77
-1730482128.95, 1.78
-1730482128.84, 1.77
-1730482128.75, 1.77
-1730482128.64, 1.77
-1730482128.54, 1.77
-1730482128.42, 1.78
-1730482128.32, 1.78
-1730482128.22, 1.78
-1730482128.14, 1.79
-1730482128.01, 1.79
-1730482127.92, 1.77
-1730482127.82, 1.78
-1730482127.72, 1.78
-1730482127.62, 1.77
-1730482127.53, 1.77
-1730482127.42, 1.77
-1730482127.32, 1.77
-1730482127.20, 1.78
-1730482127.12, 1.77
-1730482127.02, 1.78
-1730482126.92, 1.78
-1730482126.81, 1.78
-1730482126.70, 1.78
-1730482126.61, 1.78
-1730482126.51, 1.78
-1730482126.40, 1.78
-1730482126.29, 1.77
-1730482126.20, 1.77
-1730482126.11, 1.77
-1730482126.00, 1.77
-1730482125.90, 1.77
-1730482125.79, 1.77
-1730482125.69, 1.77
-1730482125.60, 1.78
-1730482125.47, 1.77
-1730482125.40, 1.77
-1730482125.29, 1.78
-1730482125.18, 1.78
-1730482125.09, 1.78
-1730482124.99, 1.78
-1730482124.89, 1.77
-1730482124.79, 1.77
-1730482124.68, 1.77
-1730482124.59, 1.77
-1730482124.46, 1.76
-1730482124.39, 1.77
-1730482124.28, 1.77
-1730482124.18, 1.77
-1730482124.07, 1.77
-1730482123.98, 1.77
-1730482123.87, 1.78
-1730482123.78, 1.77
-1730482123.67, 1.78
-1730482123.57, 1.77
-1730482123.45, 1.78
-1730482123.37, 1.77
-1730482123.26, 1.77
-1730482123.17, 1.76
-1730482123.04, 1.77
-1730482122.95, 1.77
-1730482122.85, 1.76
-1730482122.76, 1.77
-1730482122.64, 1.77
-1730482122.56, 1.77
-1730482122.46, 1.77
-1730482122.35, 1.77
-1730482122.26, 1.78
-1730482122.15, 1.77
-1730482122.06, 1.77
-1730482121.95, 1.77
-1730482121.85, 1.77
-1730482121.74, 1.76
-1730482121.65, 1.77
-1730482121.54, 1.76
-1730482121.45, 1.76
-1730482121.34, 1.77
-1730482121.24, 1.77
-1730482121.13, 1.76
-1730482121.04, 1.77
-1730482120.92, 1.77
-1730482120.84, 1.77
-1730482120.73, 1.78
-1730482120.63, 1.77
-1730482120.51, 1.77
-1730482120.42, 1.76
-1730482120.31, 1.77
-1730482120.23, 1.76
-1730482120.12, 1.76
-1730482120.02, 1.76
-1730482119.92, 1.76
-1730482119.81, 1.76
-1730482119.71, 1.77
-1730482119.62, 1.77
-1730482119.52, 1.77
-1730482119.41, 1.78
-1730482119.32, 1.77
-1730482119.20, 1.77
-1730482119.10, 1.77
-1730482119.01, 1.77
-1730482118.91, 1.77
-1730482118.79, 1.76
-1730482118.71, 1.76
-1730482118.59, 1.77
-1730482118.51, 1.76
-1730482118.40, 1.76
-1730482118.30, 1.76
-1730482118.20, 1.77
-1730482118.10, 1.76
-1730482117.98, 1.77
-1730482117.88, 1.77
-1730482117.79, 1.77
-1730482117.69, 1.78
-1730482117.57, 1.76
-1730482117.49, 1.77
-1730482117.38, 1.76
-1730482117.29, 1.76
-1730482117.18, 1.76
-1730482117.09, 1.76
-1730482116.98, 1.76
-1730482116.85, 1.76
-1730482116.79, 1.76
-1730482116.68, 1.76
-1730482116.58, 1.77
-1730482116.46, 1.77
-1730482116.38, 1.77
-1730482116.25, 1.77
-1730482116.16, 1.77
-1730482116.07, 1.77
-1730482115.97, 1.77
-1730482115.88, 1.76
-1730482115.77, 1.77
-1730482115.66, 1.77
-1730482115.57, 1.76
-1730482115.44, 1.76
-1730482115.36, 1.76
-1730482115.25, 1.76
-1730482115.14, 1.76
-1730482115.05, 1.77
-1730482114.96, 1.77
-1730482114.83, 1.77
-1730482114.74, 1.77
-1730482114.64, 1.76
-1730482114.55, 1.77
-1730482114.46, 1.76
-1730482114.35, 1.76
-1730482114.25, 1.76
-1730482114.14, 1.76
-1730482114.05, 1.76
-1730482113.92, 1.76
-1730482113.83, 1.76
-1730482113.74, 1.76
-1730482113.64, 1.76
-1730482113.53, 1.77
-1730482113.42, 1.77
-1730482113.31, 1.77
-1730482113.22, 1.76
-1730482113.13, 1.77
-1730482113.03, 1.76
-1730482112.92, 1.76
-1730482112.83, 1.76
-1730482112.72, 1.75
-1730482112.63, 1.76
-1730482112.52, 1.75
-1730482112.42, 1.75
-1730482112.31, 1.76
-1730482112.22, 1.76
-1730482112.12, 1.76
-1730482112.02, 1.76
-1730482111.90, 1.77
-1730482111.81, 1.76
-1730482111.71, 1.76
-1730482111.62, 1.76
-1730482111.51, 1.76
-1730482111.41, 1.76
-1730482111.30, 1.74
-1730482111.21, 1.76
-1730482111.10, 1.75
-1730482111.01, 1.75
-1730482110.90, 1.75
-1730482110.80, 1.76
-1730482110.68, 1.76
-1730482110.60, 1.76
-1730482110.49, 1.76
-1730482110.40, 1.76
-1730482110.29, 1.76
-1730482110.19, 1.76
-1730482110.09, 1.76
-1730482110.00, 1.75
-1730482109.87, 1.75
-1730482109.78, 1.75
-1730482109.68, 1.75
-1730482109.59, 1.76
-1730482109.46, 1.76
-1730482109.39, 1.75
-1730482109.28, 1.76
-1730482109.18, 1.76
-1730482109.07, 1.76
-1730482108.98, 1.77
-1730482108.85, 1.76
-1730482108.76, 1.76
-1730482108.67, 1.76
-1730482108.57, 1.76
-1730482108.45, 1.75
-1730482108.37, 1.75
-1730482108.26, 1.75
-1730482108.15, 1.75
-1730482108.06, 1.75
-1730482107.96, 1.75
-1730482107.85, 1.75
-1730482107.76, 1.75
-1730482107.65, 1.76
-1730482107.56, 1.76
-1730482107.46, 1.76
-1730482107.34, 1.76
-1730482107.24, 1.76
-1730482107.14, 1.76
-1730482107.06, 1.75
-1730482106.93, 1.75
-1730482106.84, 1.75
-1730482106.74, 1.75
-1730482106.64, 1.75
-1730482106.54, 1.75
-1730482106.42, 1.76
-1730482106.34, 1.75
-1730482106.24, 1.76
-1730482106.12, 1.77
-1730482106.04, 1.76
-1730482105.92, 1.76
-1730482105.84, 1.76
-1730482105.73, 1.75
-1730482105.63, 1.75
-1730482105.51, 1.75
-1730482105.42, 1.75
-1730482105.32, 1.75
-1730482105.23, 1.75
-1730482105.12, 1.74
-1730482105.02, 1.75
-1730482104.93, 1.75
-1730482104.82, 1.76
-1730482104.73, 1.75
-1730482104.60, 1.76
-1730482104.52, 1.76
-1730482104.41, 1.76
-1730482104.32, 1.75
-1730482104.21, 1.76
-1730482104.12, 1.75
-1730482104.01, 1.75
-1730482103.91, 1.75
-1730482103.81, 1.75
-1730482103.71, 1.75
-1730482103.59, 1.75
-1730482103.50, 1.75
-1730482103.39, 1.75
-1730482103.29, 1.76
-1730482103.18, 1.75
-1730482103.10, 1.76
-1730482102.98, 1.76
-1730482102.89, 1.75
-1730482102.79, 1.75
-1730482102.67, 1.75
-1730482102.59, 1.75
-1730482102.49, 1.74
-1730482102.38, 1.75
-1730482102.29, 1.75
-1730482102.19, 1.75
-1730482102.07, 1.75
-1730482101.98, 1.75
-1730482101.88, 1.75
-1730482101.76, 1.75
-1730482101.68, 1.75
-1730482101.56, 1.75
-1730482101.45, 1.75
-1730482101.36, 1.75
-1730482101.26, 1.75
-1730482101.15, 1.74
-1730482101.08, 1.74
-1730482100.97, 1.74
-1730482100.87, 1.74
-1730482100.76, 1.75
-1730482100.65, 1.75
-1730482100.56, 1.75
-1730482100.44, 1.75
-1730482100.37, 1.75
-1730482100.25, 1.76
-1730482100.16, 1.75
-1730482100.05, 1.75
-1730482099.94, 1.75
-1730482099.83, 1.76
-1730482099.74, 1.74
-1730482099.65, 1.75
-1730482099.55, 1.75
-1730482099.43, 1.75
-1730482099.35, 1.74
-1730482099.24, 1.75
-1730482099.15, 1.75
-1730482099.05, 1.74
-1730482098.94, 1.75
-1730482098.85, 1.75
-1730482098.72, 1.75
-1730482098.64, 1.75
-1730482098.53, 1.75
-1730482098.44, 1.75
-1730482098.33, 1.74
-1730482098.24, 1.74
-1730482098.13, 1.74
-1730482098.03, 1.74
-1730482097.91, 1.74
-1730482097.82, 1.75
-1730482097.72, 1.75
-1730482097.63, 1.74
-1730482097.52, 1.75
-1730482097.42, 1.75
-1730482097.33, 1.75
-1730482097.22, 1.75
-1730482097.11, 1.75
-1730482097.02, 1.75
-1730482096.92, 1.74
-1730482096.81, 1.75
-1730482096.72, 1.74
-1730482096.59, 1.74
-1730482096.52, 1.74
-1730482096.41, 1.75
-1730482096.30, 1.74
-1730482096.21, 1.75
-1730482096.10, 1.75
-1730482096.01, 1.74
-1730482095.90, 1.75
-1730482095.80, 1.75
-1730482095.69, 1.74
-1730482095.60, 1.75
-1730482095.49, 1.74
-1730482095.38, 1.75
-1730482095.29, 1.74
-1730482095.19, 1.74
-1730482095.09, 1.74
-1730482094.99, 1.74
-1730482094.89, 1.74
-1730482094.77, 1.75
-1730482094.69, 1.74
-1730482094.59, 1.75
-1730482094.49, 1.75
-1730482094.37, 1.75
-1730482094.27, 1.75
-1730482094.17, 1.75
-1730482094.07, 1.75
-1730482093.97, 1.74
-1730482093.88, 1.75
-1730482093.77, 1.74
-1730482093.66, 1.74
-1730482093.58, 1.74
-1730482093.46, 1.74
-1730482093.36, 1.74
-1730482093.26, 1.75
-1730482093.16, 1.75
-1730482093.04, 1.75
-1730482092.96, 1.76
-1730482092.86, 1.75
-1730482092.76, 1.74
-1730482092.64, 1.75
-1730482092.54, 1.74
-1730482092.46, 1.74
-1730482092.36, 1.77
-1730482092.26, 1.85
-1730482092.13, 1.92
-1730482092.04, 1.97
-1730482091.94, 2.01
-1730482091.84, 2.02
-1730482091.74, 2.04
-1730482091.64, 2.04
-1730482091.54, 2.05
-1730482091.44, 2.05
-1730482091.34, 2.05
-1730482091.24, 2.05
-1730482091.14, 2.05
-1730482091.03, 2.05
-1730482090.93, 2.05
-1730482090.83, 2.04
-1730482090.71, 2.04
-1730482090.63, 2.05
-1730482090.53, 2.04
-1730482090.43, 2.05
-1730482090.33, 2.05
-1730482090.23, 2.05
-1730482090.13, 2.06
-1730482090.01, 2.05
-1730482089.91, 2.05
-1730482089.83, 2.04
-1730482089.69, 2.05
-1730482089.60, 2.04
-1730482089.49, 2.04
-1730482089.40, 2.03
-1730482089.31, 2.03
-1730482089.21, 2.04
-1730482089.11, 2.03
-1730482089.01, 2.04
-1730482088.90, 2.03
-1730482088.81, 2.04
-1730482088.71, 2.03
-1730482088.61, 2.04
-1730482088.50, 2.04
-1730482088.38, 2.03
-1730482088.28, 2.03
-1730482088.19, 2.02
-1730482088.10, 2.02
-1730482088.00, 2.02
-1730482087.89, 2.02
-1730482087.80, 2.02
-1730482087.70, 2.02
-1730482087.60, 2.02
-1730482087.49, 2.02
-1730482087.39, 2.03
-1730482087.28, 2.03
-1730482087.18, 2.02
-1730482087.08, 2.02
-1730482086.98, 2.02
-1730482086.86, 2.02
-1730482086.78, 2.01
-1730482086.68, 2.01
-1730482086.56, 2.01
-1730482086.46, 2.01
-1730482086.33, 2.01
-1730482086.26, 2.02
-1730482086.17, 2.01
-1730482086.06, 2.01
-1730482085.95, 2.02
-1730482085.87, 2.01
-1730482085.77, 2.02
-1730482085.67, 2.02
-1730482085.55, 2.02
-1730482085.47, 2.01
-1730482085.37, 2.01
-1730482085.25, 2.00
-1730482085.17, 2.01
-1730482085.05, 2.01
-1730482084.95, 2.00
-1730482084.83, 2.00
-1730482084.73, 2.01
-1730482084.63, 2.01
-1730482084.55, 2.01
-1730482084.45, 2.01
-1730482084.35, 2.01
-1730482084.25, 2.01
-1730482084.15, 2.02
-1730482084.03, 2.00
-1730482083.94, 2.00
-1730482083.82, 2.01
-1730482083.73, 2.00
-1730482083.63, 2.00
-1730482083.53, 2.01
-1730482083.42, 2.00
-1730482083.33, 2.00
-1730482083.23, 2.01
-1730482083.14, 2.00
-1730482083.02, 2.00
-1730482082.93, 2.01
-1730482082.83, 2.00
-1730482082.72, 2.01
-1730482082.62, 2.00
-1730482082.52, 2.01
-1730482082.42, 1.99
-1730482082.32, 1.99
-1730482082.20, 1.99
-1730482082.12, 2.00
-1730482082.02, 2.00
-1730482081.92, 2.00
-1730482081.82, 2.00
-1730482081.72, 2.00
-1730482081.62, 2.00
-1730482081.50, 2.01
-1730482081.40, 2.00
-1730482081.30, 2.00
-1730482081.19, 2.00
-1730482081.09, 2.00
-1730482081.00, 2.00
-1730482080.89, 2.00
-1730482080.80, 1.99
-1730482080.69, 1.99
-1730482080.59, 2.00
-1730482080.49, 2.00
-1730482080.39, 1.99
-1730482080.29, 1.99
-1730482080.19, 2.00
-1730482080.09, 2.00
-1730482079.99, 2.00
-1730482079.89, 2.00
-1730482079.77, 2.00
-1730482079.69, 1.99
-1730482079.59, 2.00
-1730482079.47, 1.99
-1730482079.39, 1.99
-1730482079.27, 1.99
-1730482079.17, 1.99
-1730482079.07, 1.99
-1730482078.97, 2.00
-1730482078.87, 1.99
-1730482078.77, 1.99
-1730482078.67, 2.00
-1730482078.57, 2.00
-1730482078.47, 2.00
-1730482078.37, 2.00
-1730482078.27, 2.00
-1730482078.17, 1.99
-1730482078.06, 1.99
-1730482077.96, 1.98
-1730482077.86, 1.98
-1730482077.76, 1.99
-1730482077.66, 1.99
-1730482077.56, 1.99
-1730482077.46, 1.99
-1730482077.34, 2.00
-1730482077.26, 1.99
-1730482077.16, 2.00
-1730482077.04, 2.00
-1730482076.96, 1.99
-1730482076.84, 1.99
-1730482076.74, 1.99
-1730482076.64, 1.99
-1730482076.52, 1.98
-1730482076.44, 1.99
-1730482076.34, 1.99
-1730482076.24, 1.98
-1730482076.14, 1.99
-1730482076.04, 1.99
-1730482075.92, 1.99
-1730482075.84, 1.99
-1730482075.72, 1.99
-1730482075.64, 2.00
-1730482075.51, 1.99
-1730482075.41, 1.99
-1730482075.31, 1.99
-1730482075.23, 1.99
-1730482075.12, 1.98
-1730482075.03, 1.98
-1730482074.93, 1.99
-1730482074.81, 1.98
-1730482074.71, 1.99
-1730482074.61, 1.99
-1730482074.51, 1.99
-1730482074.41, 1.99
-1730482074.31, 2.00
-1730482074.21, 1.99
-1730482074.09, 1.99
-1730482074.01, 1.99
-1730482073.91, 1.98
-1730482073.79, 1.99
-1730482073.69, 1.99
-1730482073.61, 1.98
-1730482073.49, 1.99
-1730482073.39, 1.98
-1730482073.29, 1.99
-1730482073.19, 1.98
-1730482073.09, 1.99
-1730482072.99, 1.99
-1730482072.88, 1.99
-1730482072.78, 1.99
-1730482072.68, 1.99
-1730482072.58, 1.99
-1730482072.48, 1.99
-1730482072.39, 1.99
-1730482072.28, 1.98
-1730482072.18, 1.99
-1730482072.08, 1.98
-1730482071.98, 1.98
-1730482071.86, 1.98
-1730482071.78, 1.98
-1730482071.66, 1.99
-1730482071.56, 1.99
-1730482071.46, 1.99
-1730482071.36, 1.99
-1730482071.28, 1.99
-1730482071.18, 1.98
-1730482071.06, 1.99
-1730482070.96, 1.99
-1730482070.86, 1.98
-1730482070.76, 1.98
-1730482070.65, 1.98
-1730482070.56, 1.98
-1730482070.45, 1.99
-1730482070.35, 1.98
-1730482070.26, 1.99
-1730482070.16, 1.98
-1730482070.07, 1.99
-1730482069.96, 1.99
-1730482069.83, 1.98
-1730482069.73, 1.98
-1730482069.63, 1.98
-1730482069.55, 1.98
-1730482069.43, 1.98
-1730482069.33, 1.98
-1730482069.25, 1.98
-1730482069.13, 1.98
-1730482069.05, 1.98
-1730482068.93, 1.98
-1730482068.83, 1.99
-1730482068.75, 1.98
-1730482068.63, 1.99
-1730482068.51, 1.99
-1730482068.43, 1.99
-1730482068.31, 1.99
-1730482068.23, 1.98
-1730482068.13, 1.97
-1730482068.02, 1.98
-1730482067.93, 1.98
-1730482067.83, 1.97
-1730482067.73, 1.97
-1730482067.63, 1.98
-1730482067.53, 1.98
-1730482067.42, 1.98
-1730482067.31, 1.99
-1730482067.22, 1.98
-1730482067.10, 1.99
-1730482067.02, 1.98
-1730482066.92, 1.99
-1730482066.82, 1.98
-1730482066.72, 1.98
-1730482066.62, 1.97
-1730482066.52, 1.98
-1730482066.40, 1.98
-1730482066.30, 1.98
-1730482066.18, 1.98
-1730482066.10, 1.97
-1730482065.98, 1.98
-1730482065.90, 1.98
-1730482065.80, 1.99
-1730482065.68, 1.99
-1730482065.59, 1.98
-1730482065.50, 1.99
-1730482065.40, 1.97
-1730482065.28, 1.98
-1730482065.18, 1.98
-1730482065.08, 1.97
-1730482064.98, 1.98
-1730482064.89, 1.98
-1730482064.79, 1.97
-1730482064.69, 1.98
-1730482064.57, 1.98
-1730482064.49, 1.98
-1730482064.38, 1.98
-1730482064.29, 1.99
-1730482064.19, 1.98
-1730482064.07, 1.98
-1730482063.97, 1.97
-1730482063.87, 1.97
-1730482063.75, 1.97
-1730482063.67, 1.96
-1730482063.57, 1.97
-1730482063.47, 1.97
-1730482063.35, 1.97
-1730482063.25, 1.97
-1730482063.17, 1.98
-1730482063.05, 1.98
-1730482062.96, 1.98
-1730482062.85, 1.98
-1730482062.75, 1.98
-1730482062.65, 1.98
-1730482062.55, 1.98
-1730482062.45, 1.97
-1730482062.35, 1.96
-1730482062.24, 1.97
-1730482062.14, 1.97
-1730482062.05, 1.96
-1730482061.95, 1.98
-1730482061.86, 1.98
-1730482061.74, 1.97
-1730482061.64, 1.98
-1730482061.54, 1.99
-1730482061.44, 1.98
-1730482061.34, 1.98
-1730482061.22, 1.98
-1730482061.14, 1.97
-1730482061.04, 1.97
-1730482060.94, 2.00
-1730482060.84, 2.04
-1730482060.74, 2.11
-1730482060.62, 2.16
-1730482060.52, 2.20
-1730482060.42, 2.24
-1730482060.32, 2.28
-1730482060.22, 2.30
-1730482060.12, 2.31
-1730482060.02, 2.31
-1730482059.92, 2.32
-1730482059.82, 2.31
-1730482059.71, 2.31
-1730482059.62, 2.31
-1730482059.52, 2.30
-1730482059.42, 2.31
-1730482059.31, 2.30
-1730482059.21, 2.30
-1730482059.11, 2.31
-1730482058.99, 2.30
-1730482058.91, 2.31
-1730482058.81, 2.31
-1730482058.71, 2.31
-1730482058.59, 2.31
-1730482058.51, 2.31
-1730482058.41, 2.30
-1730482058.31, 2.30
-1730482058.17, 2.30
-1730482058.09, 2.29
-1730482057.99, 2.28
-1730482057.89, 2.30
-1730482057.79, 2.29
-1730482057.69, 2.29
-1730482057.59, 2.29
-1730482057.48, 2.30
-1730482057.38, 2.30
-1730482057.29, 2.30
-1730482057.18, 2.29
-1730482057.09, 2.29
-1730482056.98, 2.29
-1730482056.87, 2.29
-1730482056.78, 2.29
-1730482056.68, 2.28
-1730482056.56, 2.28
-1730482056.48, 2.29
-1730482056.38, 2.28
-1730482056.28, 2.29
-1730482056.18, 2.28
-1730482056.08, 2.29
-1730482055.98, 2.29
-1730482055.88, 2.28
-1730482055.74, 2.29
-1730482055.66, 2.28
-1730482055.54, 2.28
-1730482055.46, 2.28
-1730482055.36, 2.28
-1730482055.24, 2.27
-1730482055.16, 2.27
-1730482055.06, 2.27
-1730482054.94, 2.27
-1730482054.86, 2.27
-1730482054.76, 2.28
-1730482054.64, 2.28
-1730482054.55, 2.29
-1730482054.45, 2.28
-1730482054.33, 2.28
-1730482054.23, 2.27
-1730482054.15, 2.27
-1730482054.05, 2.27
-1730482053.95, 2.27
-1730482053.83, 2.26
-1730482053.73, 2.27
-1730482053.65, 2.26
-1730482053.55, 2.27
-1730482053.43, 2.27
-1730482053.33, 2.27
-1730482053.23, 2.27
-1730482053.13, 2.28
-1730482053.03, 2.27
-1730482052.93, 2.27
-1730482052.83, 2.27
-1730482052.71, 2.26
-1730482052.63, 2.26
-1730482052.53, 2.27
-1730482052.41, 2.26
-1730482052.32, 2.26
-1730482052.20, 2.27
-1730482052.11, 2.27
-1730482052.02, 2.26
-1730482051.90, 2.27
-1730482051.80, 2.26
-1730482051.71, 2.26
-1730482051.61, 2.27
-1730482051.51, 2.26
-1730482051.40, 2.27
-1730482051.31, 2.26
-1730482051.20, 2.26
-1730482051.10, 2.26
-1730482051.00, 2.25
-1730482050.90, 2.26
-1730482050.78, 2.25
-1730482050.68, 2.26
-1730482050.58, 2.26
-1730482050.50, 2.26
-1730482050.38, 2.26
-1730482050.28, 2.27
-1730482050.20, 2.27
-1730482050.08, 2.26
-1730482050.00, 2.26
-1730482049.88, 2.25
-1730482049.77, 2.25
-1730482049.67, 2.26
-1730482049.58, 2.25
-1730482049.48, 2.25
-1730482049.37, 2.26
-1730482049.28, 2.25
-1730482049.18, 2.26
-1730482049.08, 2.26
-1730482048.98, 2.26
-1730482048.87, 2.26
-1730482048.77, 2.26
-1730482048.67, 2.25
-1730482048.57, 2.25
-1730482048.45, 2.25
-1730482048.35, 2.25
-1730482048.27, 2.25
-1730482048.17, 2.25
-1730482048.07, 2.25
-1730482047.95, 2.25
-1730482047.85, 2.24
-1730482047.77, 2.25
-1730482047.65, 2.25
-1730482047.55, 2.25
-1730482047.45, 2.26
-1730482047.33, 2.26
-1730482047.25, 2.25
-1730482047.14, 2.25
-1730482047.04, 2.25
-1730482046.94, 2.25
-1730482046.84, 2.25
-1730482046.75, 2.24
-1730482046.65, 2.25
-1730482046.55, 2.25
-1730482046.44, 2.24
-1730482046.32, 2.25
-1730482046.24, 2.25
-1730482046.14, 2.25
-1730482046.04, 2.26
-1730482045.94, 2.26
-1730482045.84, 2.24
-1730482045.74, 2.25
-1730482045.64, 2.25
-1730482045.52, 2.24
-1730482045.44, 2.24
-1730482045.32, 2.25
-1730482045.20, 2.24
-1730482045.11, 2.25
-1730482045.02, 2.24
-1730482044.92, 2.25
-1730482044.82, 2.24
-1730482044.72, 2.25
-1730482044.62, 2.25
-1730482044.52, 2.25
-1730482044.42, 2.24
-1730482044.30, 2.24
-1730482044.21, 2.24
-1730482044.10, 2.24
-1730482043.99, 2.24
-1730482043.90, 2.24
-1730482043.80, 2.23
-1730482043.69, 2.24
-1730482043.59, 2.24
-1730482043.49, 2.24
-1730482043.39, 2.24
-1730482043.31, 2.24
-1730482043.21, 2.25
-1730482043.11, 2.25
-1730482043.00, 2.24
-1730482042.89, 2.24
-1730482042.79, 2.24
-1730482042.67, 2.23
-1730482042.59, 2.24
-1730482042.49, 2.24
-1730482042.37, 2.23
-1730482042.29, 2.23
-1730482042.17, 2.24
-1730482042.08, 2.23
-1730482041.99, 2.25
-1730482041.89, 2.24
-1730482041.76, 2.24
-1730482041.66, 2.24
-1730482041.57, 2.24
-1730482041.47, 2.23
-1730482041.37, 2.23
-1730482041.27, 2.23
-1730482041.16, 2.23
-1730482041.07, 2.23
-1730482040.97, 2.23
-1730482040.86, 2.23
-1730482040.77, 2.23
-1730482040.66, 2.24
-1730482040.56, 2.24
-1730482040.44, 2.24
-1730482040.36, 2.25
-1730482040.26, 2.23
-1730482040.14, 2.23
-1730482040.06, 2.23
-1730482039.94, 2.23
-1730482039.86, 2.23
-1730482039.76, 2.24
-1730482039.66, 2.24
-1730482039.56, 2.23
-1730482039.43, 2.24
-1730482039.34, 2.24
-1730482039.24, 2.23
-1730482039.14, 2.24
-1730482039.03, 2.25
-1730482038.93, 2.24
-1730482038.84, 2.24
-1730482038.74, 2.23
-1730482038.64, 2.26
-1730482038.54, 2.28
-1730482038.44, 2.32
-1730482038.33, 2.34
-1730482038.23, 2.37
-1730482038.13, 2.39
-1730482038.03, 2.40
-1730482037.93, 2.42
-1730482037.81, 2.44
-1730482037.71, 2.45
-1730482037.63, 2.47
-1730482037.51, 2.49
-1730482037.43, 2.49
-1730482037.33, 2.49
-1730482037.23, 2.50
-1730482037.13, 2.49
-1730482036.99, 2.50
-1730482036.90, 2.49
-1730482036.81, 2.49
-1730482036.71, 2.49
-1730482036.61, 2.50
-1730482036.51, 2.49
-1730482036.39, 2.50
-1730482036.31, 2.51
-1730482036.21, 2.50
-1730482036.11, 2.49
-1730482035.99, 2.48
-1730482035.88, 2.48
-1730482035.80, 2.48
-1730482035.70, 2.47
-1730482035.60, 2.46
-1730482035.48, 2.48
-1730482035.40, 2.49
-1730482035.30, 2.50
-1730482035.20, 2.49
-1730482035.10, 2.50
-1730482035.00, 2.49
-1730482034.88, 2.49
-1730482034.78, 2.50
-1730482034.66, 2.51
-1730482034.58, 2.52
-1730482034.46, 2.52
-1730482034.38, 2.52
-1730482034.28, 2.52
-1730482034.18, 2.52
-1730482034.08, 2.53
-1730482033.98, 2.52
-1730482033.88, 2.52
-1730482033.78, 2.52
-1730482033.65, 2.52
-1730482033.56, 2.53
-1730482033.46, 2.53
-1730482033.37, 2.52
-1730482033.26, 2.52
-1730482033.17, 2.52
-1730482033.07, 2.52
-1730482032.95, 2.50
-1730482032.86, 2.50
-1730482032.75, 2.51
-1730482032.67, 2.49
-1730482032.55, 2.51
-1730482032.45, 2.50
-1730482032.35, 2.51
-1730482032.23, 2.51
-1730482032.13, 2.51
-1730482032.05, 2.51
-1730482031.95, 2.51
-1730482031.85, 2.50
-1730482031.75, 2.50
-1730482031.65, 2.49
-1730482031.55, 2.49
-1730482031.43, 2.49
-1730482031.35, 2.49
-1730482031.22, 2.49
-1730482031.12, 2.49
-1730482031.02, 2.49
-1730482030.93, 2.50
-1730482030.83, 2.49
-1730482030.73, 2.50
-1730482030.62, 2.50
-1730482030.52, 2.49
-1730482030.43, 2.50
-1730482030.33, 2.49
-1730482030.23, 2.48
-1730482030.12, 2.49
-1730482030.02, 2.49
-1730482029.90, 2.48
-1730482029.80, 2.48
-1730482029.70, 2.48
-1730482029.62, 2.48
-1730482029.50, 2.49
-1730482029.42, 2.49
-1730482029.30, 2.48
-1730482029.20, 2.50
-1730482029.12, 2.48
-1730482029.00, 2.49
-1730482028.89, 2.48
-1730482028.80, 2.49
-1730482028.69, 2.48
-1730482028.59, 2.48
-1730482028.50, 2.48
-1730482028.39, 2.48
-1730482028.30, 2.47
-1730482028.19, 2.47
-1730482028.10, 2.48
-1730482028.00, 2.48
-1730482027.90, 2.49
-1730482027.80, 2.48
-1730482027.67, 2.48
-1730482027.57, 2.48
-1730482027.47, 2.47
-1730482027.39, 2.47
-1730482027.27, 2.47
-1730482027.18, 2.46
-1730482027.09, 2.47
-1730482026.99, 2.47
-1730482026.87, 2.46
-1730482026.79, 2.47
-1730482026.67, 2.47
-1730482026.55, 2.47
-1730482026.45, 2.47
-1730482026.37, 2.48
-1730482026.26, 2.46
-1730482026.17, 2.47
-1730482026.07, 2.46
-1730482025.96, 2.46
-1730482025.87, 2.46
-1730482025.77, 2.46
-1730482025.66, 2.45
-1730482025.56, 2.46
-1730482025.44, 2.46
-1730482025.37, 2.45
-1730482025.24, 2.46
-1730482025.15, 2.46
-1730482025.04, 2.46
-1730482024.96, 2.46
-1730482024.86, 2.47
-1730482024.76, 2.46
-1730482024.64, 2.45
-1730482024.54, 2.45
-1730482024.44, 2.45
-1730482024.34, 2.45
-1730482024.22, 2.45
-1730482024.12, 2.44
-1730482024.04, 2.45
-1730482023.92, 2.45
-1730482023.84, 2.44
-1730482023.74, 2.45
-1730482023.64, 2.46
-1730482023.52, 2.45
-1730482023.43, 2.44
-1730482023.32, 2.44
-1730482023.24, 2.44
-1730482023.11, 2.43
-1730482023.02, 2.44
-1730482022.93, 2.43
-1730482022.83, 2.44
-1730482022.73, 2.43
-1730482022.61, 2.44
-1730482022.52, 2.43
-1730482022.42, 2.44
-1730482022.32, 2.44
-1730482022.21, 2.44
-1730482022.11, 2.44
-1730482022.01, 2.44
-1730482021.89, 2.43
-1730482021.81, 2.43
-1730482021.71, 2.42
-1730482021.61, 2.42
-1730482021.51, 2.43
-1730482021.41, 2.42
-1730482021.31, 2.43
-1730482021.19, 2.43
-1730482021.11, 2.42
-1730482021.01, 2.43
-1730482020.91, 2.44
-1730482020.79, 2.43
-1730482020.69, 2.43
-1730482020.58, 2.43
-1730482020.49, 2.42
-1730482020.39, 2.42
-1730482020.28, 2.42
-1730482020.18, 2.41
-1730482020.09, 2.41
-1730482019.99, 2.42
-1730482019.89, 2.41
-1730482019.78, 2.42
-1730482019.69, 2.41
-1730482019.58, 2.42
-1730482019.46, 2.42
-1730482019.38, 2.42
-1730482019.26, 2.41
-1730482019.18, 2.41
-1730482019.08, 2.41
-1730482018.98, 2.41
-1730482018.88, 2.40
-1730482018.78, 2.40
-1730482018.68, 2.40
-1730482018.56, 2.40
-1730482018.46, 2.41
-1730482018.36, 2.40
-1730482018.26, 2.41
-1730482018.15, 2.41
-1730482018.05, 2.40
-1730482017.96, 2.41
-1730482017.86, 2.41
-1730482017.75, 2.40
-1730482017.66, 2.40
-1730482017.56, 2.40
-1730482017.46, 2.39
-1730482017.36, 2.40
-1730482017.25, 2.40
-1730482017.13, 2.39
-1730482017.05, 2.39
-1730482016.95, 2.39
-1730482016.83, 2.39
-1730482016.73, 2.40
-1730482016.63, 2.40
-1730482016.53, 2.39
-1730482016.43, 2.40
-1730482016.33, 2.39
-1730482016.23, 2.39
-1730482016.15, 2.39
-1730482016.02, 2.39
-1730482015.92, 2.39
-1730482015.83, 2.39
-1730482015.73, 2.39
-1730482015.62, 2.39
-1730482015.53, 2.39
-1730482015.43, 2.39
-1730482015.32, 2.39
-1730482015.22, 2.39
-1730482015.12, 2.39
-1730482015.02, 2.39
-1730482014.92, 2.39
-1730482014.80, 2.39
-1730482014.71, 2.38
-1730482014.62, 2.38
-1730482014.50, 2.39
-1730482014.42, 2.38
-1730482014.32, 2.38
-1730482014.22, 2.38
-1730482014.12, 2.38
-1730482014.00, 2.37
-1730482013.90, 2.38
-1730482013.82, 2.38
-1730482013.70, 2.38
-1730482013.60, 2.38
-1730482013.50, 2.37
-1730482013.40, 2.38
-1730482013.30, 2.37
-1730482013.20, 2.37
-1730482013.10, 2.37
-1730482013.00, 2.37
-1730482012.88, 2.37
-1730482012.78, 2.37
-1730482012.69, 2.37
-1730482012.58, 2.38
-1730482012.50, 2.38
-1730482012.38, 2.38
-1730482012.29, 2.38
-1730482012.17, 2.37
-1730482012.07, 2.37
-1730482011.98, 2.37
-1730482011.89, 2.37
-1730482011.79, 2.37
-1730482011.67, 2.36
-1730482011.59, 2.37
-1730482011.48, 2.36
-1730482011.37, 2.36
-1730482011.27, 2.37
-1730482011.15, 2.37
-1730482011.07, 2.36
-1730482010.97, 2.37
-1730482010.87, 2.37
-1730482010.77, 2.36
-1730482010.67, 2.36
-1730482010.57, 2.35
-1730482010.45, 2.35
-1730482010.35, 2.36
-1730482010.25, 2.35
-1730482010.14, 2.36
-1730482010.05, 2.35
-1730482009.95, 2.36
-1730482009.85, 2.36
-1730482009.75, 2.36
-1730482009.64, 2.36
-1730482009.54, 2.36
-1730482009.44, 2.35
-1730482009.36, 2.35
-1730482009.25, 2.35
-1730482009.15, 2.35
-1730482009.04, 2.35
-1730482008.94, 2.34
-1730482008.84, 2.35
-1730482008.74, 2.35
-1730482008.64, 2.34
-1730482008.52, 2.35
-1730482008.44, 2.35
-1730482008.34, 2.35
-1730482008.24, 2.35
-1730482008.14, 2.35
-1730482008.02, 2.34
-1730482007.92, 2.34
-1730482007.82, 2.34
-1730482007.71, 2.34
-1730482007.61, 2.33
-1730482007.51, 2.34
-1730482007.41, 2.33
-1730482007.32, 2.34
-1730482007.21, 2.34
-1730482007.12, 2.33
-1730482007.01, 2.35
-1730482006.92, 2.34
-1730482006.81, 2.35
-1730482006.71, 2.34
-1730482006.61, 2.34
-1730482006.51, 2.33
-1730482006.41, 2.33
-1730482006.31, 2.33
-1730482006.21, 2.33
-1730482006.09, 2.33
-1730482005.99, 2.33
-1730482005.91, 2.33
-1730482005.81, 2.33
-1730482005.71, 2.33
-1730482005.59, 2.33
-1730482005.47, 2.34
-1730482005.39, 2.33
-1730482005.29, 2.32
-1730482005.19, 2.33
-1730482005.09, 2.32
-1730482004.99, 2.32
-1730482004.88, 2.32
-1730482004.79, 2.33
-1730482004.68, 2.32
-1730482004.58, 2.32
-1730482004.49, 2.33
-1730482004.38, 2.32
-1730482004.28, 2.33
-1730482004.18, 2.33
-1730482004.08, 2.32
-1730482003.96, 2.33
-1730482003.86, 2.32
-1730482003.78, 2.32
-1730482003.66, 2.31
-1730482003.56, 2.32
-1730482003.48, 2.31
-1730482003.38, 2.32
-1730482003.28, 2.32
-1730482003.16, 2.32
-1730482003.06, 2.32
-1730482002.94, 2.32
-1730482002.86, 2.32
-1730482002.76, 2.33
-1730482002.66, 2.32
-1730482002.56, 2.32
-1730482002.46, 2.32
-1730482002.34, 2.31
-1730482002.24, 2.31
-1730482002.16, 2.31
-1730482002.03, 2.30
-1730482001.94, 2.31
-1730482001.84, 2.31
-1730482001.73, 2.31
-1730482001.65, 2.31
-1730482001.54, 2.32
-1730482001.44, 2.32
-1730482001.35, 2.31
-1730482001.25, 2.32
-1730482001.15, 2.31
-1730482001.05, 2.30
-1730482000.95, 2.30
-1730482000.81, 2.30
-1730482000.73, 2.31
-1730482000.63, 2.30
-1730482000.53, 2.31
-1730482000.43, 2.30
-1730482000.31, 2.31
-1730482000.21, 2.30
-1730482000.13, 2.31
-1730482000.01, 2.31
-1730481999.93, 2.31
-1730481999.83, 2.30
-1730481999.71, 2.30
-1730481999.61, 2.30
-1730481999.51, 2.30
-1730481999.41, 2.29
-1730481999.31, 2.29
-1730481999.21, 2.30
-1730481999.11, 2.29
-1730481999.01, 2.30
-1730481998.91, 2.30
-1730481998.81, 2.29
-1730481998.70, 2.30
-1730481998.60, 2.30
-1730481998.50, 2.30
-1730481998.40, 2.29
-1730481998.30, 2.30
-1730481998.18, 2.29
-1730481998.10, 2.28
-1730481997.98, 2.29
-1730481997.90, 2.29
-1730481997.80, 2.29
-1730481997.70, 2.29
-1730481997.60, 2.28
-1730481997.48, 2.30
-1730481997.38, 2.29
-1730481997.28, 2.30
-1730481997.18, 2.29
-1730481997.07, 2.29
-1730481996.97, 2.29
-1730481996.88, 2.29
-1730481996.78, 2.28
-1730481996.67, 2.28
-1730481996.58, 2.28
-1730481996.48, 2.28
-1730481996.38, 2.28
-1730481996.28, 2.28
-1730481996.17, 2.28
-1730481996.05, 2.29
-1730481995.95, 2.29
-1730481995.85, 2.28
-1730481995.75, 2.29
-1730481995.67, 2.29
-1730481995.57, 2.28
-1730481995.45, 2.28
-1730481995.35, 2.28
-1730481995.27, 2.27
-1730481995.15, 2.27
-1730481995.05, 2.28
-1730481994.96, 2.28
-1730481994.85, 2.28
-1730481994.75, 2.28
-1730481994.63, 2.28
-1730481994.55, 2.29
-1730481994.45, 2.27
-1730481994.35, 2.28
-1730481994.25, 2.27
-1730481994.15, 2.27
-1730481994.04, 2.27
-1730481993.94, 2.27
-1730481993.84, 2.27
-1730481993.73, 2.27
-1730481993.62, 2.27
-1730481993.52, 2.27
-1730481993.44, 2.27
-1730481993.34, 2.27
-1730481993.22, 2.27
-1730481993.12, 2.28
-1730481993.04, 2.27
-1730481992.92, 2.27
-1730481992.82, 2.28
-1730481992.72, 2.26
-1730481992.62, 2.26
-1730481992.52, 2.27
-1730481992.42, 2.26
-1730481992.32, 2.26
-1730481992.22, 2.26
-1730481992.12, 2.26
-1730481992.00, 2.26
-1730481991.92, 2.27
-1730481991.82, 2.27
-1730481991.72, 2.26
-1730481991.62, 2.27
-1730481991.49, 2.26
-1730481991.40, 2.26
-1730481991.30, 2.26
-1730481991.21, 2.25
-1730481991.10, 2.25
-1730481991.01, 2.25
-1730481990.91, 2.25
-1730481990.81, 2.25
-1730481990.69, 2.25
-1730481990.61, 2.25
-1730481990.50, 2.26
-1730481990.40, 2.26
-1730481990.29, 2.26
-1730481990.19, 2.26
-1730481990.09, 2.26
-1730481989.97, 2.26
-1730481989.87, 2.25
-1730481989.77, 2.25
-1730481989.69, 2.25
-1730481989.59, 2.25
-1730481989.49, 2.26
-1730481989.37, 2.25
-1730481989.29, 2.25
-1730481989.16, 2.26
-1730481989.06, 2.25
-1730481988.96, 2.25
-1730481988.86, 2.26
-1730481988.77, 2.26
-1730481988.68, 2.24
-1730481988.57, 2.25
-1730481988.46, 2.25
-1730481988.37, 2.24
-1730481988.28, 2.25
-1730481988.16, 2.24
-1730481988.06, 2.25
-1730481987.96, 2.24
-1730481987.84, 2.25
-1730481987.76, 2.24
-1730481987.66, 2.25
-1730481987.56, 2.25
-1730481987.46, 2.25
-1730481987.34, 2.25
-1730481987.24, 2.24
-1730481987.16, 2.24
-1730481987.06, 2.24
-1730481986.96, 2.24
-1730481986.83, 2.24
-1730481986.73, 2.24
-1730481986.64, 2.23
-1730481986.52, 2.24
-1730481986.43, 2.24
-1730481986.34, 2.24
-1730481986.24, 2.24
-1730481986.14, 2.25
-1730481986.04, 2.24
-1730481985.94, 2.24
-1730481985.84, 2.25
-1730481985.73, 2.24
-1730481985.63, 2.23
-1730481985.51, 2.24
-1730481985.41, 2.24
-1730481985.33, 2.22
-1730481985.23, 2.24
-1730481985.13, 2.23
-1730481985.03, 2.24
-1730481984.91, 2.23
-1730481984.83, 2.24
-1730481984.73, 2.24
-1730481984.61, 2.23
-1730481984.51, 2.24
-1730481984.41, 2.23
-1730481984.29, 2.23
-1730481984.19, 2.23
-1730481984.11, 2.23
-1730481984.01, 2.23
-1730481983.90, 2.23
-1730481983.80, 2.23
-1730481983.70, 2.23
-1730481983.61, 2.23
-1730481983.51, 2.23
-1730481983.41, 2.23
-1730481983.30, 2.23
-1730481983.18, 2.24
-1730481983.09, 2.24
-1730481982.98, 2.23
-1730481982.90, 2.23
-1730481982.80, 2.23
-1730481982.70, 2.22
-1730481982.60, 2.22
-1730481982.50, 2.22
-1730481982.40, 2.22
-1730481982.28, 2.22
-1730481982.18, 2.23
-1730481982.06, 2.22
-1730481981.98, 2.23
-1730481981.88, 2.23
-1730481981.78, 2.23
-1730481981.68, 2.23
-1730481981.58, 2.23
-1730481981.48, 2.22
-1730481981.38, 2.22
-1730481981.28, 2.22
-1730481981.18, 2.22
-1730481981.06, 2.22
-1730481980.98, 2.22
-1730481980.86, 2.22
-1730481980.77, 2.22
-1730481980.66, 2.22
-1730481980.56, 2.22
-1730481980.46, 2.23
-1730481980.36, 2.23
-1730481980.26, 2.22
-1730481980.15, 2.22
-1730481980.05, 2.22
-1730481979.93, 2.21
-1730481979.86, 2.22
-1730481979.75, 2.22
-1730481979.65, 2.21
-1730481979.55, 2.22
-1730481979.45, 2.21
-1730481979.35, 2.21
-1730481979.25, 2.21
-1730481979.13, 2.22
-1730481979.03, 2.21
-1730481978.93, 2.22
-1730481978.83, 2.22
-1730481978.72, 2.21
-1730481978.65, 2.22
-1730481978.53, 2.20
-1730481978.42, 2.21
-1730481978.32, 2.20
-1730481978.23, 2.21
-1730481978.13, 2.20
-1730481978.04, 2.21
-1730481977.92, 2.21
-1730481977.82, 2.21
-1730481977.72, 2.21
-1730481977.62, 2.21
-1730481977.52, 2.21
-1730481977.40, 2.22
-1730481977.32, 2.21
-1730481977.22, 2.21
-1730481977.12, 2.21
-1730481977.00, 2.20
-1730481976.92, 2.20
-1730481976.82, 2.20
-1730481976.72, 2.19
-1730481976.62, 2.20
-1730481976.50, 2.20
-1730481976.40, 2.20
-1730481976.30, 2.20
-1730481976.20, 2.20
-1730481976.10, 2.20
-1730481976.00, 2.20
-1730481975.89, 2.20
-1730481975.79, 2.20
-1730481975.70, 2.20
-1730481975.60, 2.20
-1730481975.49, 2.19
-1730481975.40, 2.19
-1730481975.29, 2.19
-1730481975.19, 2.19
-1730481975.09, 2.19
-1730481974.97, 2.19
-1730481974.89, 2.19
-1730481974.77, 2.19
-1730481974.69, 2.20
-1730481974.57, 2.19
-1730481974.47, 2.20
-1730481974.39, 2.20
-1730481974.29, 2.19
-1730481974.19, 2.18
-1730481974.07, 2.18
-1730481973.95, 2.18
-1730481973.86, 2.18
-1730481973.77, 2.18
-1730481973.67, 2.18
-1730481973.57, 2.18
-1730481973.47, 2.19
-1730481973.36, 2.18
-1730481973.26, 2.18
-1730481973.17, 2.19
-1730481973.07, 2.19
-1730481972.97, 2.18
-1730481972.87, 2.18
-1730481972.74, 2.18
-1730481972.66, 2.17
-1730481972.56, 2.18
-1730481972.46, 2.17
-1730481972.34, 2.18
-1730481972.26, 2.17
-1730481972.16, 2.18
-1730481972.04, 2.17
-1730481971.96, 2.18
-1730481971.86, 2.17
-1730481971.74, 2.18
-1730481971.64, 2.18
-1730481971.54, 2.18
-1730481971.44, 2.18
-1730481971.34, 2.17
-1730481971.24, 2.17
-1730481971.12, 2.17
-1730481971.03, 2.17
-1730481970.92, 2.17
-1730481970.84, 2.17
-1730481970.74, 2.17
-1730481970.64, 2.17
-1730481970.54, 2.17
-1730481970.42, 2.17
-1730481970.31, 2.17
-1730481970.21, 2.18
-1730481970.12, 2.17
-1730481970.01, 2.17
-1730481969.91, 2.17
-1730481969.81, 2.17
-1730481969.72, 2.16
-1730481969.61, 2.16
-1730481969.51, 2.16
-1730481969.39, 2.16
-1730481969.32, 2.17
-1730481969.21, 2.16
-1730481969.11, 2.17
-1730481968.99, 2.17
-1730481968.89, 2.17
-1730481968.81, 2.17
-1730481968.69, 2.17
-1730481968.61, 2.17
-1730481968.51, 2.17
-1730481968.41, 2.16
-1730481968.29, 2.16
-1730481968.19, 2.16
-1730481968.09, 2.16
-1730481967.98, 2.16
-1730481967.89, 2.17
-1730481967.78, 2.16
-1730481967.69, 2.16
-1730481967.59, 2.17
-1730481967.49, 2.16
-1730481967.39, 2.16
-1730481967.29, 2.17
-1730481967.18, 2.16
-1730481967.06, 2.16
-1730481966.98, 2.17
-1730481966.86, 2.16
-1730481966.78, 2.15
-1730481966.68, 2.15
-1730481966.58, 2.16
-1730481966.48, 2.15
-1730481966.38, 2.15
-1730481966.26, 2.15
-1730481966.16, 2.15
-1730481966.08, 2.16
-1730481965.98, 2.16
-1730481965.86, 2.16
-1730481965.76, 2.16
-1730481965.66, 2.16
-1730481965.56, 2.15
-1730481965.46, 2.15
-1730481965.36, 2.14
-1730481965.26, 2.15
-1730481965.16, 2.14
-1730481965.06, 2.14
-1730481964.95, 2.15
-1730481964.86, 2.14
-1730481964.76, 2.15
-1730481964.65, 2.15
-1730481964.55, 2.15
-1730481964.45, 2.15
-1730481964.35, 2.15
-1730481964.25, 2.15
-1730481964.13, 2.14
-1730481964.05, 2.14
-1730481963.95, 2.14
-1730481963.85, 2.14
-1730481963.73, 2.14
-1730481963.65, 2.13
-1730481963.55, 2.14
-1730481963.41, 2.14
-1730481963.33, 2.13
-1730481963.23, 2.14
-1730481963.13, 2.14
-1730481963.03, 2.15
-1730481962.93, 2.14
-1730481962.83, 2.13
-1730481962.73, 2.14
-1730481962.63, 2.13
-1730481962.53, 2.13
-1730481962.42, 2.13
-1730481962.32, 2.13
-1730481962.22, 2.13
-1730481962.12, 2.13
-1730481962.00, 2.13
-1730481961.92, 2.13
-1730481961.82, 2.13
-1730481961.72, 2.14
-1730481961.60, 2.14
-1730481961.52, 2.14
-1730481961.40, 2.14
-1730481961.32, 2.13
-1730481961.22, 2.13
-1730481961.10, 2.13
-1730481961.00, 2.13
-1730481960.90, 2.12
-1730481960.80, 2.12
-1730481960.70, 2.13
-1730481960.59, 2.12
-1730481960.50, 2.12
-1730481960.40, 2.13
-1730481960.30, 2.13
-1730481960.20, 2.12
-1730481960.10, 2.13
-1730481959.99, 2.13
-1730481959.88, 2.11
-1730481959.78, 2.12
-1730481959.68, 2.11
-1730481959.58, 2.12
-1730481959.48, 2.11
-1730481959.38, 2.11
-1730481959.27, 2.11
-1730481959.15, 2.11
-1730481959.07, 2.11
-1730481958.98, 2.11
-1730481958.87, 2.11
-1730481958.78, 2.11
-1730481958.68, 2.12
-1730481958.55, 2.12
-1730481958.40, 2.11
