Sensor Name: ttx_102Box
Initial Resistance: 90 ohms
Start Time: 2024-11-01 23:56:44
Time (s), Voltage (V)
-1730482187.62, 2.85
-1730482187.53, 2.83
-1730482187.42, 2.76
-1730482187.32, 2.74
-1730482187.22, 2.74
-1730482187.12, 2.75
-1730482187.02, 2.78
-1730482186.92, 2.83
-1730482186.82, 2.83
-1730482186.72, 2.87
-1730482186.62, 2.87
-1730482186.52, 2.88
-1730482186.41, 2.92
-1730482186.31, 2.86
-1730482186.20, 2.82
-1730482186.11, 2.77
-1730482186.01, 2.74
-1730482185.91, 2.73
-1730482185.80, 2.75
-1730482185.70, 2.80
-1730482185.60, 2.82
-1730482185.50, 2.82
-1730482185.40, 2.87
-1730482185.30, 2.86
-1730482185.20, 2.88
-1730482185.09, 2.92
-1730482185.00, 2.86
-1730482184.89, 2.82
-1730482184.79, 2.77
-1730482184.69, 2.74
-1730482184.59, 2.74
-1730482184.49, 2.74
-1730482184.39, 2.80
-1730482184.29, 2.82
-1730482184.18, 2.83
-1730482184.08, 2.87
-1730482183.98, 2.86
-1730482183.88, 2.88
-1730482183.78, 2.92
-1730482183.68, 2.86
-1730482183.58, 2.82
-1730482183.48, 2.75
-1730482183.37, 2.74
-1730482183.28, 2.73
-1730482183.17, 2.75
-1730482183.07, 2.78
-1730482182.97, 2.81
-1730482182.87, 2.83
-1730482182.76, 2.85
-1730482182.67, 2.87
-1730482182.56, 2.89
-1730482182.46, 2.92
-1730482182.36, 2.85
-1730482182.26, 2.83
-1730482182.16, 2.75
-1730482182.06, 2.74
-1730482181.96, 2.73
-1730482181.86, 2.76
-1730482181.75, 2.78
-1730482181.65, 2.82
-1730482181.55, 2.82
-1730482181.45, 2.86
-1730482181.35, 2.87
-1730482181.24, 2.89
-1730482181.15, 2.91
-1730482181.04, 2.86
-1730482180.94, 2.83
-1730482180.84, 2.75
-1730482180.74, 2.73
-1730482180.64, 2.73
-1730482180.53, 2.75
-1730482180.44, 2.79
-1730482180.33, 2.82
-1730482180.23, 2.82
-1730482180.13, 2.86
-1730482180.03, 2.87
-1730482179.93, 2.89
-1730482179.83, 2.92
-1730482179.73, 2.85
-1730482179.63, 2.81
-1730482179.52, 2.76
-1730482179.42, 2.73
-1730482179.32, 2.74
-1730482179.22, 2.74
-1730482179.12, 2.79
-1730482179.02, 2.81
-1730482178.92, 2.82
-1730482178.81, 2.85
-1730482178.71, 2.87
-1730482178.61, 2.89
-1730482178.51, 2.91
-1730482178.41, 2.85
-1730482178.31, 2.82
-1730482178.20, 2.75
-1730482178.11, 2.73
-1730482178.00, 2.73
-1730482177.90, 2.75
-1730482177.80, 2.80
-1730482177.70, 2.81
-1730482177.60, 2.82
-1730482177.50, 2.87
-1730482177.39, 2.86
-1730482177.29, 2.88
-1730482177.19, 2.92
-1730482177.09, 2.86
-1730482176.99, 2.82
-1730482176.88, 2.75
-1730482176.78, 2.73
-1730482176.68, 2.72
-1730482176.58, 2.75
-1730482176.48, 2.78
-1730482176.38, 2.81
-1730482176.28, 2.82
-1730482176.18, 2.86
-1730482176.08, 2.86
-1730482175.98, 2.88
-1730482175.87, 2.91
-1730482175.77, 2.86
-1730482175.67, 2.82
-1730482175.57, 2.76
-1730482175.47, 2.73
-1730482175.37, 2.72
-1730482175.27, 2.74
-1730482175.16, 2.78
-1730482175.07, 2.81
-1730482174.96, 2.81
-1730482174.86, 2.86
-1730482174.76, 2.86
-1730482174.66, 2.87
-1730482174.55, 2.91
-1730482174.46, 2.87
-1730482174.36, 2.82
-1730482174.25, 2.76
-1730482174.15, 2.73
-1730482174.05, 2.73
-1730482173.95, 2.73
-1730482173.85, 2.80
-1730482173.74, 2.81
-1730482173.64, 2.82
-1730482173.54, 2.84
-1730482173.44, 2.86
-1730482173.34, 2.87
-1730482173.24, 2.91
-1730482173.14, 2.88
-1730482173.04, 2.82
-1730482172.93, 2.77
-1730482172.84, 2.73
-1730482172.73, 2.73
-1730482172.63, 2.73
-1730482172.53, 2.79
-1730482172.43, 2.79
-1730482172.33, 2.81
-1730482172.22, 2.84
-1730482172.12, 2.86
-1730482172.02, 2.87
-1730482171.92, 2.92
-1730482171.82, 2.91
-1730482171.72, 2.82
-1730482171.62, 2.78
-1730482171.52, 2.72
-1730482171.42, 2.72
-1730482171.32, 2.74
-1730482171.21, 2.78
-1730482171.11, 2.79
-1730482171.01, 2.82
-1730482170.91, 2.83
-1730482170.81, 2.86
-1730482170.70, 2.88
-1730482170.60, 2.92
-1730482170.50, 2.89
-1730482170.40, 2.82
-1730482170.30, 2.78
-1730482170.19, 2.72
-1730482170.10, 2.72
-1730482169.99, 2.72
-1730482169.89, 2.77
-1730482169.79, 2.79
-1730482169.69, 2.81
-1730482169.59, 2.81
-1730482169.49, 2.86
-1730482169.39, 2.86
-1730482169.28, 2.90
-1730482169.19, 2.91
-1730482169.08, 2.83
-1730482168.98, 2.81
-1730482168.88, 2.73
-1730482168.78, 2.72
-1730482168.68, 2.72
-1730482168.57, 2.74
-1730482168.47, 2.78
-1730482168.38, 2.80
-1730482168.27, 2.81
-1730482168.17, 2.85
-1730482168.07, 2.86
-1730482167.97, 2.88
-1730482167.87, 2.90
-1730482167.76, 2.85
-1730482167.66, 2.82
-1730482167.56, 2.74
-1730482167.45, 2.72
-1730482167.36, 2.71
-1730482167.26, 2.72
-1730482167.15, 2.77
-1730482167.05, 2.80
-1730482166.95, 2.81
-1730482166.86, 2.85
-1730482166.75, 2.85
-1730482166.65, 2.87
-1730482166.55, 2.90
-1730482166.45, 2.88
-1730482166.35, 2.81
-1730482166.24, 2.77
-1730482166.15, 2.70
-1730482166.05, 2.71
-1730482165.94, 2.71
-1730482165.84, 2.77
-1730482165.74, 2.78
-1730482165.64, 2.79
-1730482165.54, 2.82
-1730482165.44, 2.85
-1730482165.33, 2.87
-1730482165.23, 2.92
-1730482165.13, 2.93
-1730482165.03, 2.83
-1730482164.93, 2.77
-1730482164.83, 2.69
-1730482164.73, 2.64
-1730482164.62, 2.62
-1730482164.52, 2.75
-1730482164.42, 2.77
-1730482164.32, 2.80
-1730482164.22, 2.81
-1730482164.12, 2.85
-1730482164.02, 2.86
-1730482163.91, 2.89
-1730482163.82, 2.93
-1730482163.71, 2.83
-1730482163.61, 2.81
-1730482163.51, 2.72
-1730482163.41, 2.71
-1730482163.31, 2.69
-1730482163.21, 2.73
-1730482163.10, 2.77
-1730482163.01, 2.79
-1730482162.90, 2.79
-1730482162.80, 2.86
-1730482162.70, 2.88
-1730482162.60, 2.88
-1730482162.50, 2.91
-1730482162.39, 2.86
-1730482162.29, 2.80
-1730482162.19, 2.75
-1730482162.09, 2.70
-1730482161.99, 2.70
-1730482161.89, 2.71
-1730482161.79, 2.75
-1730482161.68, 2.78
-1730482161.58, 2.81
-1730482161.48, 2.84
-1730482161.38, 2.85
-1730482161.28, 2.87
-1730482161.18, 2.90
-1730482161.08, 2.94
-1730482160.97, 2.83
-1730482160.87, 2.76
-1730482160.77, 2.67
-1730482160.67, 2.65
-1730482160.57, 2.65
-1730482160.46, 2.74
-1730482160.36, 2.77
-1730482160.27, 2.78
-1730482160.17, 2.79
-1730482160.07, 2.86
-1730482159.96, 2.87
-1730482159.86, 2.90
-1730482159.76, 2.94
-1730482159.66, 2.87
-1730482159.55, 5.00
-1730482159.45, 4.13
-1730482159.35, 1.23
-1730482159.22, 1.47
-1730482159.14, 2.71
-1730482159.05, 2.75
-1730482158.95, 2.78
-1730482158.84, 2.79
-1730482158.74, 2.83
-1730482158.65, 2.85
-1730482158.54, 2.86
-1730482158.44, 2.90
-1730482158.34, 2.90
-1730482158.24, 2.82
-1730482158.13, 2.75
-1730482158.03, 2.70
-1730482157.93, 2.69
-1730482157.84, 2.70
-1730482157.73, 2.75
-1730482157.63, 2.77
-1730482157.53, 2.79
-1730482157.43, 2.81
-1730482157.32, 2.83
-1730482157.23, 2.85
-1730482157.13, 2.87
-1730482157.02, 2.90
-1730482156.91, 2.83
-1730482156.81, 2.78
-1730482156.71, 2.73
-1730482156.62, 2.71
-1730482156.52, 2.70
-1730482156.41, 2.73
-1730482156.31, 2.76
-1730482156.21, 2.78
-1730482156.11, 2.80
-1730482156.01, 2.83
-1730482155.91, 2.84
-1730482155.80, 2.86
-1730482155.71, 2.88
-1730482155.61, 2.85
-1730482155.51, 2.81
-1730482155.40, 2.74
-1730482155.30, 2.72
-1730482155.19, 2.71
-1730482155.10, 2.71
-1730482155.00, 2.76
-1730482154.89, 2.78
-1730482154.79, 2.78
-1730482154.69, 2.82
-1730482154.59, 2.83
-1730482154.49, 2.84
-1730482154.39, 2.89
-1730482154.29, 2.88
-1730482154.19, 2.83
-1730482154.09, 2.78
-1730482153.98, 2.72
-1730482153.88, 2.71
-1730482153.78, 2.71
-1730482153.68, 2.74
-1730482153.57, 2.77
-1730482153.47, 2.78
-1730482153.37, 2.80
-1730482153.27, 2.83
-1730482153.17, 2.84
-1730482153.07, 2.87
-1730482152.96, 2.89
-1730482152.87, 2.84
-1730482152.77, 2.80
-1730482152.67, 2.74
-1730482152.57, 2.71
-1730482152.46, 2.71
-1730482152.36, 2.72
-1730482152.26, 2.75
-1730482152.16, 2.78
-1730482152.06, 2.79
-1730482151.96, 2.83
-1730482151.85, 2.84
-1730482151.76, 2.84
-1730482151.65, 2.89
-1730482151.55, 2.88
-1730482151.45, 2.81
-1730482151.34, 2.76
-1730482151.24, 2.71
-1730482151.14, 2.70
-1730482151.04, 2.72
-1730482150.94, 2.75
-1730482150.84, 2.78
-1730482150.71, 2.79
-1730482150.64, 2.82
-1730482150.54, 2.83
-1730482150.44, 2.85
-1730482150.34, 2.88
-1730482150.23, 2.89
-1730482150.13, 2.82
-1730482150.02, 2.78
-1730482149.93, 2.72
-1730482149.82, 2.70
-1730482149.73, 2.70
-1730482149.63, 2.73
-1730482149.52, 2.76
-1730482149.42, 2.78
-1730482149.32, 2.80
-1730482149.22, 2.84
-1730482149.12, 2.86
-1730482149.01, 2.90
-1730482148.91, 2.93
-1730482148.82, 2.87
-1730482148.71, 2.80
-1730482148.61, 2.71
-1730482148.51, 2.67
-1730482148.41, 2.65
-1730482148.31, 2.66
-1730482148.21, 2.74
-1730482148.10, 2.78
-1730482148.01, 2.78
-1730482147.90, 2.87
-1730482147.80, 2.84
-1730482147.70, 2.86
-1730482147.60, 2.89
-1730482147.49, 2.86
-1730482147.39, 2.80
-1730482147.29, 2.74
-1730482147.20, 2.70
-1730482147.09, 2.70
-1730482146.99, 2.71
-1730482146.89, 2.76
-1730482146.79, 2.77
-1730482146.69, 2.80
-1730482146.58, 2.82
-1730482146.49, 4.12
-1730482146.38, 2.89
-1730482146.28, 2.95
-1730482146.18, 3.13
-1730482146.08, 2.94
-1730482145.97, 2.71
-1730482145.88, 2.67
-1730482145.77, 2.75
-1730482145.67, 2.78
-1730482145.57, 2.78
-1730482145.47, 2.73
-1730482145.37, 3.00
-1730482145.26, 2.69
-1730482145.16, 2.93
-1730482145.06, 2.84
-1730482144.97, 2.92
-1730482144.86, 3.01
-1730482144.76, 2.85
-1730482144.66, 2.80
-1730482144.56, 2.53
-1730482144.46, 2.68
-1730482144.36, 2.74
-1730482144.26, 2.72
-1730482144.15, 2.84
-1730482144.05, 2.75
-1730482143.95, 2.78
-1730482143.85, 2.80
-1730482143.75, 2.85
-1730482143.65, 2.87
-1730482143.54, 2.86
-1730482143.44, 2.73
-1730482143.34, 2.61
-1730482143.24, 2.72
-1730482143.14, 2.73
-1730482143.04, 2.67
-1730482142.94, 2.79
-1730482142.83, 2.76
-1730482142.73, 2.57
-1730482142.63, 2.84
-1730482142.53, 2.85
-1730482142.43, 2.80
-1730482142.33, 2.86
-1730482142.23, 2.97
-1730482142.12, 2.96
-1730482142.03, 2.60
-1730482141.92, 2.61
-1730482141.82, 2.65
-1730482141.72, 2.70
-1730482141.61, 2.67
-1730482141.52, 2.83
-1730482141.41, 2.78
-1730482141.31, 2.80
-1730482141.21, 2.88
-1730482141.11, 2.79
-1730482141.01, 2.86
-1730482140.91, 2.95
-1730482140.80, 2.72
-1730482140.71, 2.72
-1730482140.60, 2.81
-1730482140.50, 2.79
-1730482140.40, 2.71
-1730482140.30, 2.67
-1730482140.20, 2.92
-1730482140.09, 2.62
-1730482140.00, 2.98
-1730482139.89, 2.72
-1730482139.79, 2.88
-1730482139.69, 2.86
-1730482139.59, 2.88
-1730482139.49, 2.96
-1730482139.39, 2.82
-1730482139.29, 2.67
-1730482139.18, 2.58
-1730482139.08, 2.70
-1730482138.98, 2.76
-1730482138.88, 2.92
-1730482138.78, 2.93
-1730482138.68, 2.68
-1730482138.58, 2.94
-1730482138.48, 2.86
-1730482138.37, 2.86
-1730482138.28, 2.92
-1730482138.17, 2.88
-1730482138.07, 2.69
-1730482137.97, 3.06
-1730482137.87, 2.70
-1730482137.76, 0.00
-1730482137.67, 0.00
-1730482137.57, 0.18
-1730482137.46, 2.76
-1730482137.36, 2.76
-1730482137.26, 2.76
-1730482137.16, 2.77
-1730482137.06, 2.78
-1730482136.95, 2.80
-1730482136.86, 2.83
-1730482136.76, 2.83
-1730482136.65, 2.87
-1730482136.55, 2.86
-1730482136.45, 2.85
-1730482136.35, 2.81
-1730482136.24, 2.79
-1730482136.15, 2.77
-1730482136.05, 2.75
-1730482135.95, 2.76
-1730482135.84, 2.77
-1730482135.74, 2.79
-1730482135.64, 2.81
-1730482135.53, 2.86
-1730482135.44, 2.83
-1730482135.33, 2.83
-1730482135.23, 2.81
-1730482135.13, 2.80
-1730482135.03, 2.77
-1730482134.93, 2.75
-1730482134.83, 2.74
-1730482134.73, 2.75
-1730482134.62, 2.75
-1730482134.52, 2.76
-1730482134.42, 2.78
-1730482134.32, 2.79
-1730482134.22, 2.81
-1730482134.12, 2.82
-1730482134.01, 2.83
-1730482133.92, 2.82
-1730482133.82, 2.80
-1730482133.72, 2.77
-1730482133.62, 2.76
-1730482133.51, 2.74
-1730482133.41, 2.74
-1730482133.31, 2.76
-1730482133.21, 2.75
-1730482133.11, 2.77
-1730482133.00, 2.79
-1730482132.90, 2.79
-1730482132.80, 2.82
-1730482132.69, 2.83
-1730482132.60, 2.81
-1730482132.50, 2.80
-1730482132.40, 2.78
-1730482132.30, 2.75
-1730482132.19, 2.75
-1730482132.09, 2.75
-1730482131.99, 2.76
-1730482131.89, 2.76
-1730482131.79, 2.77
-1730482131.69, 2.78
-1730482131.59, 2.80
-1730482131.48, 2.81
-1730482131.38, 2.83
-1730482131.28, 2.82
-1730482131.18, 2.80
-1730482131.08, 2.78
-1730482130.98, 2.77
-1730482130.87, 3.04
-1730482130.77, 0.00
-1730482130.67, 0.00
-1730482130.58, 3.00
-1730482130.47, 2.84
-1730482130.37, 2.86
-1730482130.26, 2.85
-1730482130.17, 3.04
-1730482130.06, 3.08
-1730482129.96, 2.65
-1730482129.86, 2.82
-1730482129.76, 2.76
-1730482129.66, 2.61
-1730482129.56, 2.75
-1730482129.46, 2.92
-1730482129.36, 2.53
-1730482129.26, 2.94
-1730482129.16, 2.71
-1730482129.05, 2.91
-1730482128.95, 2.84
-1730482128.84, 2.88
-1730482128.75, 2.73
-1730482128.65, 2.79
-1730482128.55, 2.62
-1730482128.44, 2.75
-1730482128.34, 2.64
-1730482128.24, 2.67
-1730482128.14, 2.89
-1730482128.04, 2.91
-1730482127.94, 2.91
-1730482127.84, 2.76
-1730482127.73, 2.78
-1730482127.63, 2.86
-1730482127.53, 2.88
-1730482127.43, 2.90
-1730482127.33, 2.89
-1730482127.23, 2.86
-1730482127.12, 2.92
-1730482127.03, 3.32
-1730482126.92, 2.78
-1730482126.82, 2.73
-1730482126.72, 2.79
-1730482126.61, 2.80
-1730482126.52, 2.81
-1730482126.42, 2.82
-1730482126.32, 2.85
-1730482126.22, 2.86
-1730482126.12, 2.89
-1730482126.01, 2.90
-1730482125.91, 2.86
-1730482125.81, 2.83
-1730482125.71, 2.77
-1730482125.60, 2.75
-1730482125.50, 2.73
-1730482125.40, 2.75
-1730482125.30, 2.77
-1730482125.20, 2.79
-1730482125.10, 2.80
-1730482125.00, 2.83
-1730482124.89, 2.84
-1730482124.79, 2.87
-1730482124.67, 2.89
-1730482124.59, 2.86
-1730482124.49, 2.83
-1730482124.39, 2.79
-1730482124.29, 2.74
-1730482124.18, 2.74
-1730482124.09, 2.73
-1730482123.98, 2.76
-1730482123.88, 2.78
-1730482123.78, 2.79
-1730482123.68, 2.81
-1730482123.58, 2.83
-1730482123.48, 2.84
-1730482123.38, 2.87
-1730482123.28, 2.86
-1730482123.18, 2.83
-1730482123.07, 2.80
-1730482122.97, 2.77
-1730482122.87, 2.74
-1730482122.77, 2.73
-1730482122.67, 2.75
-1730482122.56, 2.76
-1730482122.47, 2.79
-1730482122.36, 2.80
-1730482122.26, 2.82
-1730482122.16, 2.83
-1730482122.06, 2.86
-1730482121.96, 2.86
-1730482121.85, 2.84
-1730482121.75, 2.81
-1730482121.65, 2.77
-1730482121.55, 2.75
-1730482121.45, 2.74
-1730482121.35, 2.75
-1730482121.25, 2.76
-1730482121.14, 2.77
-1730482121.04, 2.79
-1730482120.95, 2.82
-1730482120.84, 2.83
-1730482120.74, 2.85
-1730482120.64, 2.85
-1730482120.54, 2.84
-1730482120.44, 2.82
-1730482120.34, 2.78
-1730482120.23, 2.75
-1730482120.13, 2.74
-1730482120.03, 2.74
-1730482119.93, 2.74
-1730482119.83, 2.77
-1730482119.73, 2.78
-1730482119.63, 2.80
-1730482119.52, 2.83
-1730482119.42, 2.84
-1730482119.32, 2.86
-1730482119.22, 2.84
-1730482119.12, 2.83
-1730482119.02, 2.79
-1730482118.92, 2.76
-1730482118.81, 2.74
-1730482118.71, 2.73
-1730482118.62, 2.74
-1730482118.51, 2.75
-1730482118.41, 2.77
-1730482118.30, 2.79
-1730482118.21, 2.82
-1730482118.10, 2.86
-1730482118.00, 2.90
-1730482117.90, 2.93
-1730482117.80, 2.92
-1730482117.70, 2.88
-1730482117.60, 2.83
-1730482117.50, 2.77
-1730482117.40, 2.74
-1730482117.29, 2.74
-1730482117.19, 2.74
-1730482117.09, 2.75
-1730482116.99, 2.79
-1730482116.89, 2.82
-1730482116.78, 2.85
-1730482116.69, 2.87
-1730482116.58, 2.85
-1730482116.49, 2.83
-1730482116.38, 2.80
-1730482116.28, 2.75
-1730482116.18, 2.74
-1730482116.08, 2.72
-1730482115.98, 2.74
-1730482115.87, 2.75
-1730482115.78, 2.77
-1730482115.67, 2.79
-1730482115.57, 2.81
-1730482115.44, 2.83
-1730482115.37, 2.85
-1730482115.27, 2.86
-1730482115.17, 2.83
-1730482115.06, 2.80
-1730482114.96, 2.77
-1730482114.87, 2.73
-1730482114.76, 2.73
-1730482114.66, 2.73
-1730482114.56, 2.75
-1730482114.46, 2.76
-1730482114.35, 2.76
-1730482114.25, 2.80
-1730482114.15, 2.82
-1730482114.05, 2.83
-1730482113.95, 2.87
-1730482113.85, 2.86
-1730482113.75, 2.84
-1730482113.64, 2.81
-1730482113.55, 2.78
-1730482113.44, 2.73
-1730482113.34, 2.72
-1730482113.24, 2.72
-1730482113.14, 2.76
-1730482113.04, 2.62
-1730482112.93, 2.80
-1730482112.84, 2.85
-1730482112.74, 2.72
-1730482112.63, 3.12
-1730482112.53, 2.81
-1730482112.43, 2.89
-1730482112.33, 2.57
-1730482112.23, 2.68
-1730482112.12, 2.65
-1730482112.03, 2.84
-1730482111.92, 2.74
-1730482111.82, 2.82
-1730482111.72, 2.69
-1730482111.62, 2.74
-1730482111.51, 2.84
-1730482111.42, 2.94
-1730482111.32, 3.05
-1730482111.22, 2.70
-1730482111.11, 2.98
-1730482111.01, 2.83
-1730482110.91, 2.71
-1730482110.81, 2.72
-1730482110.71, 2.78
-1730482110.61, 2.68
-1730482110.50, 2.65
-1730482110.41, 2.59
-1730482110.30, 2.89
-1730482110.20, 2.81
-1730482110.10, 2.85
-1730482110.00, 2.65
-1730482109.90, 3.04
-1730482109.80, 2.78
-1730482109.69, 2.82
-1730482109.59, 2.66
-1730482109.49, 2.68
-1730482109.39, 2.72
-1730482109.29, 2.81
-1730482109.19, 2.73
-1730482109.09, 2.58
-1730482108.98, 2.84
-1730482108.88, 2.87
-1730482108.78, 2.86
-1730482108.68, 2.93
-1730482108.58, 2.55
-1730482108.48, 2.66
-1730482108.38, 2.59
-1730482108.28, 2.73
-1730482108.18, 2.61
-1730482108.07, 2.67
-1730482107.97, 2.65
-1730482107.87, 2.44
-1730482107.77, 2.76
-1730482107.67, 2.73
-1730482107.57, 2.80
-1730482107.46, 2.92
-1730482107.36, 3.30
-1730482107.26, 2.80
-1730482107.16, 3.01
-1730482107.06, 2.74
-1730482106.96, 2.61
-1730482106.86, 2.64
-1730482106.75, 2.65
-1730482106.64, 2.72
-1730482106.55, 2.74
-1730482106.45, 2.76
-1730482106.35, 2.77
-1730482106.25, 2.83
-1730482106.15, 2.84
-1730482106.05, 2.88
-1730482105.95, 2.87
-1730482105.84, 2.81
-1730482105.74, 2.77
-1730482105.64, 2.70
-1730482105.54, 2.68
-1730482105.43, 2.68
-1730482105.34, 2.71
-1730482105.23, 2.73
-1730482105.13, 2.76
-1730482105.03, 2.76
-1730482104.93, 2.81
-1730482104.83, 2.83
-1730482104.72, 2.84
-1730482104.63, 2.87
-1730482104.53, 2.82
-1730482104.42, 2.78
-1730482104.32, 2.71
-1730482104.22, 2.68
-1730482104.12, 2.68
-1730482104.02, 2.69
-1730482103.91, 2.74
-1730482103.82, 2.76
-1730482103.71, 2.77
-1730482103.61, 2.81
-1730482103.51, 2.83
-1730482103.41, 2.83
-1730482103.31, 2.87
-1730482103.21, 2.83
-1730482103.10, 2.78
-1730482103.00, 2.73
-1730482102.91, 2.68
-1730482102.80, 2.66
-1730482102.70, 2.69
-1730482102.60, 2.74
-1730482102.50, 2.75
-1730482102.40, 2.77
-1730482102.29, 2.80
-1730482102.19, 2.82
-1730482102.09, 2.83
-1730482101.99, 2.87
-1730482101.89, 2.86
-1730482101.78, 2.78
-1730482101.68, 2.74
-1730482101.58, 2.66
-1730482101.48, 2.68
-1730482101.39, 2.88
-1730482101.29, 2.72
-1730482101.18, 2.75
-1730482101.08, 2.78
-1730482100.97, 2.78
-1730482100.88, 2.79
-1730482100.77, 2.83
-1730482100.67, 2.89
-1730482100.57, 2.96
-1730482100.47, 2.91
-1730482100.37, 2.61
-1730482100.27, 2.56
-1730482100.17, 2.70
-1730482100.07, 2.62
-1730482099.97, 2.64
-1730482099.86, 2.52
-1730482099.76, 2.94
-1730482099.66, 2.95
-1730482099.56, 2.85
-1730482099.46, 2.82
-1730482099.35, 2.87
-1730482099.26, 2.92
-1730482099.16, 2.72
-1730482099.05, 2.97
-1730482098.95, 2.75
-1730482098.85, 2.73
-1730482098.74, 2.69
-1730482098.64, 2.76
-1730482098.54, 2.73
-1730482098.44, 2.59
-1730482098.34, 2.60
-1730482098.24, 2.94
-1730482098.14, 2.77
-1730482098.04, 2.84
-1730482097.94, 2.87
-1730482097.84, 2.83
-1730482097.72, 2.79
-1730482097.64, 2.60
-1730482097.53, 2.56
-1730482097.43, 2.69
-1730482097.33, 2.68
-1730482097.22, 2.80
-1730482097.12, 2.59
-1730482097.03, 2.80
-1730482096.93, 2.76
-1730482096.82, 2.79
-1730482096.72, 2.87
-1730482096.62, 2.95
-1730482096.51, 2.94
-1730482096.41, 2.83
-1730482096.31, 2.77
-1730482096.22, 2.76
-1730482096.11, 2.76
-1730482096.01, 2.63
-1730482095.91, 2.83
-1730482095.81, 2.88
-1730482095.71, 2.80
-1730482095.61, 2.76
-1730482095.51, 2.78
-1730482095.41, 2.82
-1730482095.30, 2.83
-1730482095.20, 2.70
-1730482095.10, 2.61
-1730482095.00, 2.78
-1730482094.90, 2.72
-1730482094.79, 2.68
-1730482094.70, 2.66
-1730482094.60, 2.72
-1730482094.49, 2.71
-1730482094.39, 2.76
-1730482094.29, 2.88
-1730482094.19, 2.97
-1730482094.09, 2.80
-1730482093.99, 2.84
-1730482093.88, 2.90
-1730482093.78, 2.91
-1730482093.68, 2.90
-1730482093.58, 2.89
-1730482093.48, 2.90
-1730482093.38, 2.91
-1730482093.28, 2.90
-1730482093.18, 2.89
-1730482093.07, 2.90
-1730482092.97, 2.90
-1730482092.87, 2.90
-1730482092.77, 2.90
-1730482092.67, 2.90
-1730482092.56, 2.89
-1730482092.46, 2.90
-1730482092.36, 2.90
-1730482092.26, 2.90
-1730482092.16, 2.89
-1730482092.06, 2.90
-1730482091.96, 2.89
-1730482091.86, 2.89
-1730482091.75, 2.89
-1730482091.65, 2.89
-1730482091.55, 2.89
-1730482091.45, 2.90
-1730482091.35, 2.89
-1730482091.25, 2.89
-1730482091.15, 2.89
-1730482091.05, 2.89
-1730482090.94, 2.90
-1730482090.85, 2.88
-1730482090.74, 2.90
-1730482090.64, 2.89
-1730482090.54, 2.90
-1730482090.44, 2.89
-1730482090.34, 2.89
-1730482090.24, 2.89
-1730482090.13, 2.90
-1730482090.03, 2.89
-1730482089.93, 2.89
-1730482089.83, 2.89
-1730482089.73, 2.89
-1730482089.63, 2.89
-1730482089.53, 2.89
-1730482089.43, 2.87
-1730482089.32, 2.89
-1730482089.22, 2.89
-1730482089.12, 2.89
-1730482089.02, 2.89
-1730482088.91, 2.88
-1730482088.81, 2.88
-1730482088.71, 2.88
-1730482088.62, 2.87
-1730482088.51, 2.88
-1730482088.41, 2.88
-1730482088.31, 2.88
-1730482088.21, 2.88
-1730482088.11, 2.88
-1730482088.00, 2.88
-1730482087.90, 2.87
-1730482087.80, 2.88
-1730482087.70, 2.88
-1730482087.60, 2.88
-1730482087.50, 2.88
-1730482087.40, 2.88
-1730482087.30, 2.88
-1730482087.19, 2.88
-1730482087.10, 2.88
-1730482086.99, 2.89
-1730482086.89, 2.88
-1730482086.79, 2.88
-1730482086.69, 2.88
-1730482086.59, 2.89
-1730482086.49, 2.87
-1730482086.38, 2.89
-1730482086.28, 2.88
-1730482086.18, 2.87
-1730482086.08, 2.87
-1730482085.98, 2.88
-1730482085.87, 2.88
-1730482085.78, 2.87
-1730482085.67, 2.87
-1730482085.57, 2.88
-1730482085.47, 2.87
-1730482085.37, 2.86
-1730482085.27, 2.87
-1730482085.17, 2.87
-1730482085.07, 2.87
-1730482084.97, 2.87
-1730482084.86, 2.87
-1730482084.76, 2.87
-1730482084.66, 2.87
-1730482084.56, 2.88
-1730482084.45, 2.86
-1730482084.36, 2.87
-1730482084.25, 2.87
-1730482084.16, 2.88
-1730482084.05, 2.87
-1730482083.95, 2.87
-1730482083.85, 2.88
-1730482083.75, 2.88
-1730482083.65, 2.86
-1730482083.55, 2.88
-1730482083.45, 2.87
-1730482083.34, 2.87
-1730482083.24, 2.87
-1730482083.14, 2.87
-1730482083.04, 2.87
-1730482082.94, 2.86
-1730482082.84, 2.87
-1730482082.73, 2.87
-1730482082.63, 2.86
-1730482082.53, 2.86
-1730482082.43, 2.87
-1730482082.33, 2.86
-1730482082.23, 2.86
-1730482082.13, 2.86
-1730482082.03, 2.86
-1730482081.92, 2.87
-1730482081.82, 2.87
-1730482081.72, 2.86
-1730482081.62, 2.87
-1730482081.52, 2.86
-1730482081.42, 2.86
-1730482081.32, 2.86
-1730482081.22, 2.86
-1730482081.11, 2.85
-1730482081.01, 2.87
-1730482080.91, 2.87
-1730482080.81, 2.87
-1730482080.71, 2.87
-1730482080.60, 2.87
-1730482080.51, 2.86
-1730482080.41, 2.87
-1730482080.30, 2.81
-1730482080.20, 2.89
-1730482080.10, 2.65
-1730482080.00, 2.98
-1730482079.89, 2.83
-1730482079.80, 2.53
-1730482079.69, 2.66
-1730482079.60, 2.64
-1730482079.49, 2.69
-1730482079.39, 2.58
-1730482079.29, 2.51
-1730482079.19, 2.78
-1730482079.09, 2.90
-1730482078.98, 2.83
-1730482078.88, 2.74
-1730482078.79, 2.62
-1730482078.68, 2.78
-1730482078.57, 2.71
-1730482078.48, 2.51
-1730482078.37, 2.65
-1730482078.28, 2.68
-1730482078.18, 2.65
-1730482078.07, 2.91
-1730482077.97, 2.47
-1730482077.87, 2.83
-1730482077.77, 2.76
-1730482077.67, 2.82
-1730482077.57, 2.80
-1730482077.47, 2.92
-1730482077.36, 3.15
-1730482077.27, 2.90
-1730482077.16, 2.76
-1730482077.06, 2.54
-1730482076.96, 2.71
-1730482076.86, 2.68
-1730482076.75, 2.71
-1730482076.65, 2.68
-1730482076.55, 2.74
-1730482076.45, 2.95
-1730482076.34, 2.83
-1730482076.25, 2.83
-1730482076.15, 2.92
-1730482076.05, 2.77
-1730482075.94, 2.59
-1730482075.84, 2.66
-1730482075.74, 2.64
-1730482075.64, 3.22
-1730482075.54, 2.67
-1730482075.44, 2.66
-1730482075.33, 2.55
-1730482075.23, 2.84
-1730482075.14, 2.72
-1730482075.03, 2.76
-1730482074.93, 5.00
-1730482074.83, 5.00
-1730482074.73, 5.00
-1730482074.63, 5.00
-1730482074.53, 4.25
-1730482074.42, 5.00
-1730482074.32, 0.00
-1730482074.22, 0.04
-1730482074.12, 0.10
-1730482074.02, 0.72
-1730482073.91, 1.19
-1730482073.82, 1.54
-1730482073.71, 1.81
-1730482073.61, 2.02
-1730482073.51, 2.17
-1730482073.41, 2.30
-1730482073.31, 2.39
-1730482073.21, 2.47
-1730482073.11, 2.52
-1730482073.01, 2.58
-1730482072.90, 2.61
-1730482072.80, 2.63
-1730482072.70, 2.66
-1730482072.60, 2.68
-1730482072.49, 2.68
-1730482072.40, 2.70
-1730482072.30, 2.70
-1730482072.19, 2.71
-1730482072.10, 2.72
-1730482071.99, 2.72
-1730482071.89, 2.73
-1730482071.79, 2.73
-1730482071.69, 2.74
-1730482071.59, 2.73
-1730482071.49, 2.73
-1730482071.38, 2.73
-1730482071.28, 2.73
-1730482071.18, 2.74
-1730482071.08, 2.74
-1730482070.98, 2.74
-1730482070.88, 2.74
-1730482070.78, 2.74
-1730482070.68, 2.75
-1730482070.57, 2.75
-1730482070.47, 2.74
-1730482070.37, 2.75
-1730482070.27, 2.74
-1730482070.17, 2.75
-1730482070.07, 2.75
-1730482069.97, 2.74
-1730482069.86, 2.75
-1730482069.76, 2.75
-1730482069.66, 2.74
-1730482069.56, 2.75
-1730482069.46, 2.75
-1730482069.36, 2.74
-1730482069.26, 2.74
-1730482069.15, 2.75
-1730482069.05, 2.74
-1730482068.95, 2.75
-1730482068.85, 2.74
-1730482068.75, 2.75
-1730482068.65, 2.74
-1730482068.55, 2.75
-1730482068.44, 2.74
-1730482068.34, 2.75
-1730482068.24, 2.74
-1730482068.14, 2.74
-1730482068.04, 2.74
-1730482067.94, 2.74
-1730482067.83, 2.74
-1730482067.73, 2.75
-1730482067.64, 2.75
-1730482067.54, 2.75
-1730482067.43, 2.75
-1730482067.33, 2.75
-1730482067.23, 2.75
-1730482067.13, 2.74
-1730482067.03, 2.74
-1730482066.92, 2.75
-1730482066.83, 2.75
-1730482066.73, 2.75
-1730482066.62, 2.75
-1730482066.52, 2.75
-1730482066.42, 2.75
-1730482066.31, 2.75
-1730482066.22, 2.74
-1730482066.11, 2.74
-1730482066.01, 2.75
-1730482065.91, 2.74
-1730482065.81, 2.75
-1730482065.71, 2.74
-1730482065.60, 2.75
-1730482065.50, 2.74
-1730482065.40, 2.75
-1730482065.30, 2.74
-1730482065.20, 2.74
-1730482065.10, 2.74
-1730482065.00, 2.74
-1730482064.90, 2.74
-1730482064.80, 2.74
-1730482064.69, 2.74
-1730482064.59, 2.74
-1730482064.49, 2.75
-1730482064.39, 2.74
-1730482064.29, 2.75
-1730482064.19, 2.74
-1730482064.09, 2.75
-1730482063.98, 2.75
-1730482063.88, 2.74
-1730482063.78, 2.76
-1730482063.68, 2.75
-1730482063.57, 2.74
-1730482063.48, 2.75
-1730482063.37, 2.75
-1730482063.27, 2.74
-1730482063.17, 2.75
-1730482063.08, 2.74
-1730482062.97, 2.74
-1730482062.87, 2.75
-1730482062.77, 2.74
-1730482062.66, 2.74
-1730482062.57, 2.74
-1730482062.47, 2.74
-1730482062.36, 2.74
-1730482062.26, 2.74
-1730482062.16, 2.74
-1730482062.06, 2.74
-1730482061.96, 2.74
-1730482061.86, 2.74
-1730482061.76, 2.74
-1730482061.65, 2.74
-1730482061.55, 2.74
-1730482061.43, 2.74
-1730482061.35, 2.74
-1730482061.25, 2.74
-1730482061.14, 2.74
-1730482061.05, 2.75
-1730482060.94, 2.74
-1730482060.85, 2.75
-1730482060.74, 2.75
-1730482060.64, 2.75
-1730482060.54, 2.75
-1730482060.43, 2.75
-1730482060.34, 2.77
-1730482060.23, 2.80
-1730482060.13, 2.82
-1730482060.03, 2.83
-1730482059.93, 2.84
-1730482059.82, 2.85
-1730482059.73, 2.85
-1730482059.62, 2.86
-1730482059.53, 2.86
-1730482059.42, 2.87
-1730482059.32, 2.86
-1730482059.22, 2.88
-1730482059.12, 2.86
-1730482059.02, 2.88
-1730482058.92, 2.87
-1730482058.81, 2.87
-1730482058.71, 2.87
-1730482058.62, 2.87
-1730482058.51, 2.88
-1730482058.41, 2.88
-1730482058.31, 2.88
-1730482058.20, 2.88
-1730482058.10, 2.88
-1730482058.01, 2.88
-1730482057.91, 2.89
-1730482057.81, 2.88
-1730482057.70, 2.88
-1730482057.60, 2.89
-1730482057.50, 2.88
-1730482057.39, 2.89
-1730482057.29, 2.89
-1730482057.19, 2.88
-1730482057.09, 2.89
-1730482056.99, 2.89
-1730482056.89, 2.89
-1730482056.79, 2.89
-1730482056.69, 2.89
-1730482056.59, 2.88
-1730482056.49, 2.89
-1730482056.38, 2.89
-1730482056.29, 2.88
-1730482056.18, 2.89
-1730482056.08, 2.88
-1730482055.98, 2.89
-1730482055.88, 2.88
-1730482055.77, 2.88
-1730482055.67, 2.89
-1730482055.57, 2.89
-1730482055.47, 2.89
-1730482055.37, 2.89
-1730482055.27, 2.89
-1730482055.17, 2.89
-1730482055.06, 2.89
-1730482054.96, 2.90
-1730482054.86, 2.89
-1730482054.77, 2.90
-1730482054.66, 2.89
-1730482054.56, 2.89
-1730482054.45, 2.90
-1730482054.36, 2.90
-1730482054.25, 2.89
-1730482054.15, 2.90
-1730482054.05, 2.90
-1730482053.95, 2.89
-1730482053.85, 2.90
-1730482053.75, 2.90
-1730482053.65, 2.89
-1730482053.55, 2.90
-1730482053.45, 2.90
-1730482053.35, 2.89
-1730482053.24, 2.90
-1730482053.14, 2.89
-1730482053.04, 2.90
-1730482052.93, 2.89
-1730482052.84, 2.90
-1730482052.73, 2.89
-1730482052.64, 2.89
-1730482052.53, 2.89
-1730482052.44, 2.90
-1730482052.33, 2.90
-1730482052.23, 2.90
-1730482052.13, 2.90
-1730482052.03, 2.90
-1730482051.93, 2.90
-1730482051.82, 2.90
-1730482051.72, 2.90
-1730482051.62, 2.90
-1730482051.52, 2.91
-1730482051.42, 2.90
-1730482051.32, 2.90
-1730482051.21, 2.91
-1730482051.11, 2.90
-1730482051.01, 2.91
-1730482050.91, 2.91
-1730482050.81, 2.90
-1730482050.71, 2.90
-1730482050.60, 2.90
-1730482050.51, 2.90
-1730482050.40, 2.90
-1730482050.30, 2.91
-1730482050.20, 2.90
-1730482050.10, 2.91
-1730482050.00, 2.90
-1730482049.90, 2.91
-1730482049.80, 2.90
-1730482049.70, 2.91
-1730482049.60, 2.90
-1730482049.49, 2.90
-1730482049.39, 2.90
-1730482049.29, 2.91
-1730482049.19, 2.90
-1730482049.09, 2.90
-1730482048.98, 2.90
-1730482048.88, 2.91
-1730482048.78, 2.91
-1730482048.68, 2.91
-1730482048.58, 2.91
-1730482048.48, 2.90
-1730482048.38, 2.91
-1730482048.27, 2.91
-1730482048.18, 2.92
-1730482048.07, 2.91
-1730482047.97, 2.90
-1730482047.87, 2.91
-1730482047.77, 2.91
-1730482047.67, 2.91
-1730482047.57, 2.91
-1730482047.46, 2.91
-1730482047.36, 2.91
-1730482047.26, 2.91
-1730482047.16, 2.91
-1730482047.06, 2.90
-1730482046.95, 2.92
-1730482046.86, 2.91
-1730482046.75, 2.92
-1730482046.65, 2.91
-1730482046.55, 2.91
-1730482046.45, 2.90
-1730482046.35, 2.91
-1730482046.25, 2.91
-1730482046.15, 2.91
-1730482046.05, 2.91
-1730482045.95, 2.91
-1730482045.84, 2.91
-1730482045.75, 2.91
-1730482045.64, 2.91
-1730482045.54, 2.92
-1730482045.44, 2.91
-1730482045.34, 2.92
-1730482045.24, 2.91
-1730482045.14, 2.91
-1730482045.03, 2.92
-1730482044.93, 2.91
-1730482044.83, 2.91
-1730482044.73, 2.92
-1730482044.63, 2.92
-1730482044.52, 2.91
-1730482044.43, 2.92
-1730482044.32, 2.92
-1730482044.23, 2.91
-1730482044.12, 2.92
-1730482044.02, 2.92
-1730482043.92, 2.91
-1730482043.82, 2.92
-1730482043.72, 2.90
-1730482043.61, 2.92
-1730482043.51, 2.91
-1730482043.41, 2.92
-1730482043.31, 2.91
-1730482043.20, 2.91
-1730482043.11, 2.91
-1730482043.00, 2.91
-1730482042.91, 2.91
-1730482042.80, 2.91
-1730482042.70, 2.91
-1730482042.58, 2.91
-1730482042.50, 2.92
-1730482042.40, 2.91
-1730482042.29, 2.92
-1730482042.19, 2.92
-1730482042.09, 2.91
-1730482041.99, 2.92
-1730482041.89, 2.92
-1730482041.79, 2.92
-1730482041.69, 2.92
-1730482041.59, 2.92
-1730482041.48, 2.92
-1730482041.38, 2.92
-1730482041.28, 2.92
-1730482041.18, 2.91
-1730482041.08, 2.91
-1730482040.98, 2.92
-1730482040.88, 2.91
-1730482040.78, 2.92
-1730482040.68, 2.91
-1730482040.57, 2.92
-1730482040.47, 2.91
-1730482040.37, 2.92
-1730482040.27, 2.91
-1730482040.17, 2.92
-1730482040.07, 2.91
-1730482039.96, 2.92
-1730482039.87, 2.91
-1730482039.76, 2.92
-1730482039.66, 2.91
-1730482039.56, 2.91
-1730482039.46, 2.92
-1730482039.36, 2.91
-1730482039.25, 2.91
-1730482039.16, 2.92
-1730482039.05, 2.91
-1730482038.95, 2.93
-1730482038.85, 2.92
-1730482038.75, 2.92
-1730482038.65, 2.93
-1730482038.55, 2.92
-1730482038.45, 2.92
-1730482038.34, 2.93
-1730482038.24, 2.92
-1730482038.14, 2.91
-1730482038.04, 2.92
-1730482037.93, 2.91
-1730482037.83, 2.91
-1730482037.74, 2.92
-1730482037.63, 2.91
-1730482037.53, 2.92
-1730482037.43, 2.92
-1730482037.33, 2.91
-1730482037.23, 2.92
-1730482037.13, 2.91
-1730482037.03, 2.91
-1730482036.92, 2.91
-1730482036.82, 2.91
-1730482036.72, 2.91
-1730482036.62, 2.91
-1730482036.52, 2.92
-1730482036.42, 2.91
-1730482036.31, 2.91
-1730482036.22, 2.92
-1730482036.11, 2.92
-1730482036.01, 2.92
-1730482035.91, 2.92
-1730482035.81, 2.93
-1730482035.71, 2.92
-1730482035.61, 2.92
-1730482035.51, 2.93
-1730482035.40, 2.91
-1730482035.30, 2.92
-1730482035.20, 2.93
-1730482035.10, 2.92
-1730482035.00, 2.92
-1730482034.90, 2.93
-1730482034.80, 2.92
-1730482034.69, 2.92
-1730482034.59, 2.93
-1730482034.49, 2.92
-1730482034.39, 2.83
-1730482034.29, 2.78
-1730482034.19, 2.71
-1730482034.08, 2.92
-1730482033.98, 3.06
-1730482033.88, 2.72
-1730482033.78, 2.95
-1730482033.68, 2.99
-1730482033.58, 3.04
-1730482033.48, 2.90
-1730482033.38, 3.18
-1730482033.28, 3.10
-1730482033.17, 2.84
-1730482033.07, 2.88
-1730482032.97, 2.83
-1730482032.87, 2.84
-1730482032.77, 3.07
-1730482032.66, 2.97
-1730482032.57, 2.98
-1730482032.46, 2.98
-1730482032.36, 3.03
-1730482032.26, 3.02
-1730482032.16, 2.91
-1730482032.06, 2.80
-1730482031.96, 2.71
-1730482031.86, 2.91
-1730482031.76, 2.77
-1730482031.65, 2.82
-1730482031.55, 2.89
-1730482031.45, 3.05
-1730482031.35, 2.92
-1730482031.25, 2.83
-1730482031.15, 2.95
-1730482031.05, 3.08
-1730482030.94, 2.96
-1730482030.84, 2.99
-1730482030.74, 3.21
-1730482030.64, 2.85
-1730482030.54, 2.71
-1730482030.44, 2.82
-1730482030.33, 2.85
-1730482030.24, 2.84
-1730482030.14, 2.89
-1730482030.04, 3.07
-1730482029.93, 2.78
-1730482029.83, 2.92
-1730482029.73, 3.01
-1730482029.63, 2.89
-1730482029.52, 2.98
-1730482029.42, 3.04
-1730482029.32, 2.70
-1730482029.23, 2.82
-1730482029.12, 2.89
-1730482029.02, 2.83
-1730482028.92, 2.83
-1730482028.82, 2.86
-1730482028.72, 2.85
-1730482028.61, 3.03
-1730482028.52, 2.85
-1730482028.41, 2.75
-1730482028.31, 3.05
-1730482028.21, 2.99
-1730482028.11, 3.03
-1730482028.01, 3.14
-1730482027.91, 2.82
-1730482027.80, 2.88
-1730482027.70, 2.84
-1730482027.60, 2.83
-1730482027.50, 2.84
-1730482027.40, 2.94
-1730482027.30, 2.84
-1730482027.19, 2.84
-1730482027.09, 3.04
-1730482027.00, 3.00
-1730482026.89, 2.85
-1730482026.79, 3.02
-1730482026.69, 3.18
-1730482026.59, 3.01
-1730482026.49, 2.79
-1730482026.38, 2.88
-1730482026.28, 2.74
-1730482026.18, 2.85
-1730482026.08, 2.74
-1730482025.97, 2.89
-1730482025.88, 2.93
-1730482025.78, 2.95
-1730482025.67, 2.82
-1730482025.57, 2.94
-1730482025.47, 3.04
-1730482025.37, 3.11
-1730482025.27, 2.85
-1730482025.17, 2.63
-1730482025.07, 2.99
-1730482024.96, 2.81
-1730482024.86, 0.00
-1730482024.77, 3.10
-1730482024.66, 3.11
-1730482024.56, 2.77
-1730482024.46, 2.72
-1730482024.36, 2.70
-1730482024.26, 2.70
-1730482024.15, 2.72
-1730482024.05, 2.70
-1730482023.95, 2.92
-1730482023.85, 3.39
-1730482023.75, 3.70
-1730482023.65, 3.65
-1730482023.55, 3.48
-1730482023.44, 3.22
-1730482023.34, 2.94
-1730482023.24, 2.60
-1730482023.14, 2.39
-1730482023.04, 2.32
-1730482022.94, 2.96
-1730482022.84, 2.91
-1730482022.74, 2.81
-1730482022.64, 2.80
-1730482022.53, 2.80
-1730482022.43, 2.80
-1730482022.33, 2.81
-1730482022.23, 2.80
-1730482022.13, 2.79
-1730482022.02, 2.80
-1730482021.93, 2.78
-1730482021.82, 2.79
-1730482021.72, 2.79
-1730482021.62, 2.79
-1730482021.52, 2.79
-1730482021.42, 2.79
-1730482021.32, 2.80
-1730482021.22, 2.80
-1730482021.11, 2.81
-1730482021.01, 2.81
-1730482020.91, 2.81
-1730482020.81, 2.80
-1730482020.71, 2.80
-1730482020.61, 2.80
-1730482020.51, 2.80
-1730482020.41, 2.80
-1730482020.30, 2.80
-1730482020.20, 2.80
-1730482020.10, 2.81
-1730482020.00, 2.80
-1730482019.90, 2.81
-1730482019.80, 2.83
-1730482019.70, 2.82
-1730482019.59, 2.82
-1730482019.50, 2.82
-1730482019.39, 2.82
-1730482019.29, 2.80
-1730482019.19, 2.81
-1730482019.09, 2.80
-1730482018.98, 2.80
-1730482018.89, 2.81
-1730482018.78, 2.82
-1730482018.69, 2.81
-1730482018.58, 2.83
-1730482018.48, 2.82
-1730482018.38, 2.84
-1730482018.28, 2.83
-1730482018.18, 2.83
-1730482018.08, 2.82
-1730482017.97, 2.82
-1730482017.87, 2.81
-1730482017.77, 2.82
-1730482017.66, 2.81
-1730482017.57, 2.82
-1730482017.47, 2.82
-1730482017.37, 2.82
-1730482017.26, 2.83
-1730482017.17, 2.83
-1730482017.06, 2.83
-1730482016.96, 2.83
-1730482016.86, 2.83
-1730482016.75, 2.83
-1730482016.65, 2.82
-1730482016.56, 2.82
-1730482016.45, 2.81
-1730482016.35, 2.82
-1730482016.25, 2.83
-1730482016.15, 2.82
-1730482016.05, 2.82
-1730482015.95, 2.83
-1730482015.84, 2.83
-1730482015.74, 2.83
-1730482015.64, 2.84
-1730482015.54, 2.83
-1730482015.44, 2.83
-1730482015.34, 2.83
-1730482015.24, 2.82
-1730482015.13, 2.82
-1730482015.04, 2.82
-1730482014.94, 2.82
-1730482014.83, 2.82
-1730482014.73, 2.83
-1730482014.63, 2.83
-1730482014.53, 2.83
-1730482014.43, 2.84
-1730482014.32, 2.84
-1730482014.22, 2.84
-1730482014.12, 2.84
-1730482014.02, 2.83
-1730482013.92, 2.83
-1730482013.81, 2.83
-1730482013.71, 2.83
-1730482013.61, 2.82
-1730482013.52, 2.82
-1730482013.41, 2.83
-1730482013.31, 2.83
-1730482013.21, 2.84
-1730482013.11, 2.84
-1730482013.01, 2.84
-1730482012.91, 2.84
-1730482012.81, 2.84
-1730482012.70, 2.83
-1730482012.60, 2.83
-1730482012.50, 2.83
-1730482012.40, 2.83
-1730482012.30, 2.83
-1730482012.19, 2.83
-1730482012.09, 2.83
-1730482011.99, 2.83
-1730482011.89, 2.83
-1730482011.79, 2.84
-1730482011.69, 2.84
-1730482011.59, 2.85
-1730482011.48, 2.84
-1730482011.38, 2.84
-1730482011.29, 2.84
-1730482011.19, 2.83
-1730482011.08, 2.83
-1730482010.98, 2.83
-1730482010.88, 2.83
-1730482010.78, 2.84
-1730482010.67, 2.83
-1730482010.58, 2.84
-1730482010.47, 2.84
-1730482010.38, 2.84
-1730482010.27, 2.85
-1730482010.17, 2.84
-1730482010.07, 2.83
-1730482009.97, 2.84
-1730482009.86, 2.83
-1730482009.76, 2.82
-1730482009.66, 2.83
-1730482009.56, 2.83
-1730482009.46, 2.83
-1730482009.36, 2.84
-1730482009.25, 2.84
-1730482009.16, 2.84
-1730482009.06, 2.85
-1730482008.95, 2.84
-1730482008.85, 2.85
-1730482008.75, 2.83
-1730482008.65, 2.84
-1730482008.55, 2.83
-1730482008.45, 2.83
-1730482008.35, 2.83
-1730482008.24, 2.83
-1730482008.14, 2.83
-1730482008.04, 2.83
-1730482007.94, 2.84
-1730482007.84, 2.85
-1730482007.73, 2.85
-1730482007.63, 2.85
-1730482007.53, 2.85
-1730482007.43, 2.84
-1730482007.33, 2.84
-1730482007.23, 2.83
-1730482007.13, 2.83
-1730482007.03, 2.83
-1730482006.93, 2.83
-1730482006.83, 2.83
-1730482006.73, 2.84
-1730482006.62, 2.84
-1730482006.52, 2.84
-1730482006.41, 2.85
-1730482006.31, 2.85
-1730482006.21, 2.84
-1730482006.11, 2.85
-1730482006.01, 2.84
-1730482005.91, 2.84
-1730482005.81, 2.83
-1730482005.71, 2.83
-1730482005.61, 2.83
-1730482005.51, 2.83
-1730482005.41, 2.84
-1730482005.28, 2.84
-1730482005.20, 2.85
-1730482005.11, 2.85
-1730482005.00, 2.85
-1730482004.90, 2.85
-1730482004.80, 2.85
-1730482004.69, 2.84
-1730482004.60, 2.84
-1730482004.50, 2.83
-1730482004.39, 2.84
-1730482004.29, 2.83
-1730482004.19, 2.83
-1730482004.09, 2.85
-1730482003.98, 2.84
-1730482003.89, 2.85
-1730482003.78, 2.86
-1730482003.68, 2.85
-1730482003.58, 2.95
-1730482003.48, 2.88
-1730482003.38, 4.18
-1730482003.28, 2.94
-1730482003.18, 2.88
-1730482003.07, 2.86
-1730482002.98, 2.85
-1730482002.87, 2.86
-1730482002.77, 2.85
-1730482002.67, 2.85
-1730482002.57, 2.84
-1730482002.46, 2.85
-1730482002.36, 2.84
-1730482002.26, 2.85
-1730482002.16, 2.84
-1730482002.06, 2.85
-1730482001.96, 2.84
-1730482001.86, 2.84
-1730482001.76, 2.84
-1730482001.66, 2.84
-1730482001.55, 2.84
-1730482001.45, 2.84
-1730482001.35, 2.84
-1730482001.25, 2.84
-1730482001.15, 2.84
-1730482001.05, 2.84
-1730482000.94, 2.85
-1730482000.84, 2.84
-1730482000.74, 2.84
-1730482000.64, 2.84
-1730482000.54, 2.83
-1730482000.44, 2.84
-1730482000.34, 2.83
-1730482000.24, 2.84
-1730482000.13, 2.84
-1730482000.04, 2.85
-1730481999.93, 2.85
-1730481999.83, 2.85
-1730481999.73, 2.86
-1730481999.63, 2.85
-1730481999.53, 2.86
-1730481999.43, 2.84
-1730481999.32, 2.84
-1730481999.22, 2.83
-1730481999.12, 2.84
-1730481999.02, 2.83
-1730481998.92, 2.84
-1730481998.82, 2.84
-1730481998.72, 2.85
-1730481998.61, 2.85
-1730481998.51, 2.85
-1730481998.41, 2.86
-1730481998.31, 2.86
-1730481998.21, 2.85
-1730481998.11, 2.85
-1730481998.01, 2.84
-1730481997.91, 2.83
-1730481997.80, 2.84
-1730481997.70, 2.83
-1730481997.60, 2.84
-1730481997.50, 2.85
-1730481997.40, 2.84
-1730481997.30, 2.85
-1730481997.20, 2.85
-1730481997.10, 2.85
-1730481997.00, 2.85
-1730481996.90, 2.85
-1730481996.79, 2.84
-1730481996.69, 2.84
-1730481996.59, 2.84
-1730481996.49, 2.83
-1730481996.39, 2.84
-1730481996.29, 2.83
-1730481996.18, 2.84
-1730481996.08, 2.84
-1730481995.96, 2.85
-1730481995.88, 2.85
-1730481995.78, 2.86
-1730481995.67, 2.85
-1730481995.58, 2.85
-1730481995.47, 2.85
-1730481995.37, 2.84
-1730481995.27, 2.84
-1730481995.17, 2.84
-1730481995.07, 2.83
-1730481994.97, 2.84
-1730481994.87, 2.83
-1730481994.76, 2.85
-1730481994.67, 2.84
-1730481994.56, 2.85
-1730481994.46, 2.86
-1730481994.36, 2.85
-1730481994.26, 2.85
-1730481994.16, 2.85
-1730481994.06, 2.83
-1730481993.96, 2.83
-1730481993.85, 2.84
-1730481993.75, 2.84
-1730481993.65, 2.83
-1730481993.55, 2.84
-1730481993.45, 2.84
-1730481993.35, 2.85
-1730481993.24, 2.85
-1730481993.15, 2.85
-1730481993.04, 2.85
-1730481992.94, 2.85
-1730481992.84, 2.84
-1730481992.73, 2.84
-1730481992.64, 2.84
-1730481992.54, 2.83
-1730481992.44, 2.83
-1730481992.33, 2.84
-1730481992.23, 2.84
-1730481992.12, 2.84
-1730481992.02, 2.84
-1730481991.92, 2.85
-1730481991.83, 2.85
-1730481991.72, 2.85
-1730481991.63, 2.86
-1730481991.52, 2.86
-1730481991.42, 2.86
-1730481991.32, 2.84
-1730481991.22, 2.83
-1730481991.11, 2.84
-1730481991.01, 2.84
-1730481990.92, 2.83
-1730481990.81, 2.84
-1730481990.71, 2.85
-1730481990.61, 2.85
-1730481990.51, 2.86
-1730481990.41, 2.87
-1730481990.31, 2.86
-1730481990.21, 2.86
-1730481990.10, 2.84
-1730481990.00, 2.85
-1730481989.90, 2.83
-1730481989.80, 2.83
-1730481989.70, 2.83
-1730481989.59, 2.84
-1730481989.50, 2.84
-1730481989.39, 2.85
-1730481989.29, 2.84
-1730481989.19, 2.85
-1730481989.09, 2.85
-1730481988.98, 2.86
-1730481988.89, 2.85
-1730481988.78, 2.84
-1730481988.68, 2.84
-1730481988.58, 2.84
-1730481988.48, 2.84
-1730481988.37, 2.83
-1730481988.27, 2.83
-1730481988.18, 2.85
-1730481988.07, 2.84
-1730481987.96, 2.84
-1730481987.87, 2.85
-1730481987.77, 2.85
-1730481987.67, 2.85
-1730481987.56, 2.85
-1730481987.46, 2.85
-1730481987.29, 2.84
