Time (s), Sensor Value (ADC)
0.32, 834
0.47, 835
0.54, 832
0.56, 843
0.58, 847
0.61, 848
0.65, 848
0.68, 845
0.71, 847
0.75, 874
0.83, 863
0.93, 833
1.04, 849
1.14, 885
1.24, 868
1.33, 865
1.43, 862
1.53, 848
1.63, 862
1.73, 848
1.84, 848
1.93, 848
2.03, 846
2.13, 845
2.23, 850
2.33, 839
2.43, 847
2.53, 848
2.63, 723
2.73, 848
2.83, 842
2.93, 843
3.04, 816
3.13, 741
3.23, 673
3.34, 900
3.43, 1200
3.54, 1234
3.64, 1193
3.74, 1264
3.83, 1269
3.94, 1267
4.04, 1269
4.14, 1286
4.23, 1279
4.34, 1285
4.44, 1277
4.53, 1291
4.66, 1287
4.73, 1295
4.86, 1291
4.94, 1290
5.04, 1280
5.14, 1292
5.23, 1296
5.34, 1289
5.44, 1237
5.54, 1293
5.64, 1211
5.74, 1293
5.84, 1147
5.94, 1296
6.04, 1269
6.14, 1327
6.24, 1299
6.34, 1310
6.44, 1267
6.54, 1286
6.64, 1296
6.74, 935
6.84, 1299
6.96, 1300
7.04, 1296
7.14, 1327
7.24, 1301
7.34, 1289
7.44, 1296
7.55, 1299
7.64, 1301
7.75, 1322
7.85, 1456
7.94, 2598
8.04, 4095
8.15, 3792
8.23, 1887
8.35, 1461
8.45, 1390
8.54, 1360
8.64, 1355
8.74, 1328
8.83, 1290
8.94, 1326
9.05, 1313
9.14, 1323
9.23, 1318
9.34, 1324
9.44, 1312
9.53, 1314
9.64, 1318
9.73, 1312
9.85, 1301
9.95, 1331
10.04, 1603
10.15, 3197
10.23, 2513
10.33, 4095
10.44, 2458
10.53, 1784
10.63, 2002
10.74, 3701
10.83, 4095
10.95, 4095
11.04, 2014
11.15, 1535
11.25, 1434
11.34, 1424
11.45, 1903
11.53, 4095
11.63, 4095
11.73, 2983
11.83, 1646
11.93, 1470
12.03, 1402
12.13, 1343
12.23, 1355
12.33, 1338
12.43, 1326
12.55, 1328
12.65, 1270
12.75, 1318
12.85, 1326
12.93, 1315
13.03, 1317
13.13, 1339
13.23, 1370
13.33, 1810
13.43, 3151
13.53, 4095
13.65, 4095
13.73, 4095
13.83, 4095
13.93, 4095
14.03, 4042
14.13, 3404
14.25, 2881
14.33, 2443
14.43, 1936
14.55, 1525
14.63, 1387
14.73, 1357
14.83, 1351
14.93, 1329
15.03, 1326
15.13, 1324
15.23, 1355
15.33, 1587
15.43, 2273
15.53, 2863
15.64, 2367
15.73, 4095
15.83, 4095
15.93, 4095
16.03, 4095
16.13, 4095
16.23, 4095
16.33, 3998
16.43, 2631
16.55, 1855
16.64, 1488
16.73, 1381
16.85, 1355
16.94, 1335
17.03, 1298
17.13, 1326
17.23, 1360
17.33, 1443
17.43, 1669
17.53, 2064
17.63, 2631
17.73, 3280
17.83, 4095
17.94, 4095
18.04, 4095
18.14, 4095
18.23, 4095
18.33, 4095
18.43, 4095
18.53, 3446
18.63, 2209
18.73, 1559
18.83, 1406
18.93, 1373
19.03, 1342
19.14, 1319
19.23, 1310
19.33, 1314
19.43, 1385
19.54, 1823
19.63, 2636
19.73, 4095
19.83, 4095
19.93, 4095
20.03, 4095
20.13, 4095
20.23, 4095
20.33, 2083
20.43, 1473
20.54, 1383
20.63, 1345
20.73, 1306
20.83, 1301
20.93, 1275
21.03, 1289
21.13, 1281
21.23, 1239
21.33, 1269
21.44, 1264
21.53, 1269
21.63, 1477
21.74, 2267
21.83, 3623
21.94, 4095
22.03, 4095
22.14, 4095
22.24, 4095
22.34, 2291
22.44, 1425
22.53, 1370
22.64, 1314
22.74, 1296
22.84, 1281
22.94, 1264
23.03, 1264
23.14, 1263
23.24, 1326
23.34, 2131
23.44, 3439
23.56, 4095
23.64, 4095
23.74, 4095
23.84, 4095
23.94, 1332
24.06, 3495
24.14, 2995
24.24, 1979
24.34, 1405
24.44, 1328
24.54, 1290
24.64, 1279
24.75, 1267
24.84, 1255
24.94, 1247
25.05, 1295
25.14, 1733
25.24, 2031
25.34, 2619
25.44, 4095
25.54, 4095
25.64, 4095
25.74, 2204
25.84, 1531
25.94, 1718
26.05, 3824
26.14, 4095
26.24, 4095
26.34, 2130
26.44, 1465
26.55, 1334
26.64, 1281
26.75, 1178
26.85, 1260
26.94, 1244
27.04, 1245
27.14, 1232
27.23, 1237
27.34, 1232
27.44, 1249
27.54, 2095
27.64, 4095
27.75, 4095
27.84, 1605
27.94, 1343
28.04, 1312
28.14, 1274
28.24, 1244
28.33, 1264
28.43, 723
28.53, 1246
28.63, 1223
28.74, 1050
28.83, 1233
28.93, 1158
29.03, 1185
29.13, 1232
29.23, 1243
29.33, 1244
29.45, 1245
29.55, 1296
29.65, 1361
29.73, 1686
29.83, 2717
29.93, 4095
30.03, 4095
30.13, 4095
30.25, 4095
30.35, 4095
30.43, 4095
30.53, 4095
30.63, 2979
30.73, 564
30.83, 1454
30.93, 1357
31.03, 1296
31.13, 1280
31.25, 1247
31.35, 1255
31.45, 1264
31.55, 1251
31.65, 1242
31.75, 1250
31.85, 1235
31.93, 1239
32.05, 1245
32.13, 1227
32.23, 1237
32.33, 843
32.43, 1248
32.53, 1226
32.63, 1231
32.73, 1226
32.83, 1201
32.93, 959
33.04, 452
33.13, 579
33.25, 602
33.35, 640
33.43, 596
33.53, 624
33.63, 634
33.73, 630
33.83, 608
33.93, 630
34.03, 606
34.14, 625
34.23, 636
34.34, 640
34.45, 641
34.53, 644
34.63, 624
34.73, 638
34.83, 639
34.93, 641
35.04, 631
35.14, 635
35.23, 647
35.33, 630
35.43, 648
35.53, 645
35.64, 639
35.74, 642
35.83, 631
35.93, 626
36.03, 634
36.13, 631
36.23, 639
36.33, 64
36.43, 608
36.53, 653
36.63, 630
36.73, 656
36.83, 647
36.93, 644
37.04, 593
37.13, 635
37.23, 634
37.34, 640
37.43, 656
37.53, 669
37.63, 663
37.73, 651
37.83, 640
37.94, 629
38.03, 651
38.13, 653
38.23, 655
38.33, 656
38.43, 677
38.53, 666
38.63, 672
38.74, 670
38.83, 678
38.93, 681
39.03, 670
39.13, 647
39.23, 661
39.33, 652
39.43, 651
39.53, 655
39.82, 645
